1652955141.70958,-0.0278782844543457,-0.0372829437255859,-0.013850599527359,-0.584960401058197,0.3084214925765991,-0.7501316666603088,-0.6594259738922119,0.3165279030799866,-0.5865816473960876,-0.6623083238173176,-0.3135331742320798,1.145032832007321,103.0
1652955141.719706,-0.044748842716217,-0.0575491189956665,0.0053209960460662,-0.5844014286994934,0.3095593154430389,-0.7500986456871033,-0.605319082736969,0.3265549838542938,-0.6187601089477539,-0.6618661583724285,-0.3147295628382206,1.136038983141316,103.0
1652955141.729459,-0.0567131042480468,-0.0356472730636596,0.009852260351181,-0.5840033888816833,0.3106280565261841,-0.7499668002128601,-0.6876134872436523,0.3063975572586059,-0.6654484272003174,-0.6616210626577994,-0.3158536947867945,1.126625756557294,103.0
1652955141.739493,-0.0859726071357727,-0.0031896829605102,-0.004799485206604,-0.5838576555252075,0.3118520677089691,-0.7495721578598022,-0.7302459478378296,0.326866865158081,-0.7474825382232666,-0.6617552028139866,-0.3171416743860799,1.1161976682365444,103.0
1652955141.749552,-0.1037027835845947,0.0645256042480468,-0.017861783504486,-0.583629310131073,0.3129819929599762,-0.7492790818214417,-0.7697277069091797,0.3709530234336853,-0.7810037136077881,-0.6617551671455332,-0.318331159032094,1.105014691822113,103.0
1652955141.759382,-0.0921674370765686,0.0723845958709716,-0.0054498314857482,-0.5831407308578491,0.3141808807849884,-0.749157726764679,-0.7628189325332642,0.4076870679855346,-0.7749996185302734,-0.661427722752692,-0.3195937124253573,1.0935897786908226,103.0
1652955141.769333,-0.0618163347244262,0.0421269536018371,0.014146089553833,-0.582501232624054,0.315291166305542,-0.7491887807846069,-0.7222229242324829,0.3877143561840057,-0.7432444095611572,-0.6608758420215345,-0.3207634437115971,1.0825425461894822,103.0
1652955141.779208,-0.036964476108551,-0.0077500939369201,0.0385928750038147,-0.5820082426071167,0.3160823881626129,-0.7492384910583496,-0.633227527141571,0.3753080070018768,-0.7497745156288147,-0.6604334509906783,-0.3215973012895083,1.0719615716126374,103.0
1652955141.789216,-0.0344185233116149,-0.0554100275039672,0.0429845750331878,-0.5816245079040527,0.3160089254379272,-0.749567449092865,-0.530645489692688,0.360265165567398,-0.7532474994659424,-0.6599013409792985,-0.3215198922411063,1.062012055201293,103.0
1652955141.799073,-0.0464676022529602,-0.0429557561874389,0.0658276379108429,-0.5814314484596252,0.3155962824821472,-0.7498909831047058,-0.5419213175773621,0.3293261528015136,-0.7630359530448914,-0.6595315932076797,-0.3210849875496858,1.05229902418746,103.0
1652955141.809061,-0.0602942109107971,-0.02551931142807,0.0867860019207,-0.5813987851142883,0.3152677714824676,-0.7500544190406799,-0.5762404203414917,0.3323099613189697,-0.7900665402412415,-0.6593988493224071,-0.3207387927829709,1.0422619428492943,103.0
1652955141.818975,-0.0718275904655456,-0.0262080430984497,0.0777937769889831,-0.5813705325126648,0.314997911453247,-0.7501896619796753,-0.5723612308502197,0.3306332230567932,-0.790026843547821,-0.6592880522448092,-0.3204544449670015,1.0319784387061788,103.0
1652955141.828932,-0.0735632181167602,0.0241398215293884,0.0465828776359558,-0.5813286304473877,0.3146536350250244,-0.7503666281700134,-0.5572614073753357,0.348203957080841,-0.7776399254798889,-0.6591389491709737,-0.3200917170979795,1.0218408459418085,103.0
1652955141.838891,-0.0638143420219421,0.0401335954666137,0.0243146121501922,-0.5809304714202881,0.3143999278545379,-0.7507811784744263,-0.5493800044059753,0.3919599652290344,-0.7384025454521179,-0.6585399173820126,-0.3198244739383594,1.0120033042800252,103.0
1652955141.848957,-0.0483945608139038,0.0112364888191223,0.0082220137119293,-0.5801911354064941,0.3142266869544983,-0.7514251470565796,-0.5371537208557129,0.4182962477207184,-0.7376675009727478,-0.6575088831159588,-0.3196419691637167,1.0024036121077329,103.0
1652955141.85951,-0.0318743586540222,-0.0074439048767089,-0.0082981884479522,-0.579270601272583,0.3139622211456299,-0.7522454857826233,-0.5452871322631836,0.4537065327167511,-0.747147262096405,-0.6562134013251703,-0.3193634221111426,0.9927918411573984,103.0
1652955141.86914,-0.0153858661651611,-0.0210782885551452,-0.0315993130207061,-0.5781198740005493,0.3138716220855713,-0.753167986869812,-0.5922853350639343,0.4764827489852905,-0.7638405561447144,-0.6546603914098543,-0.3192679848586175,0.98289169168447,103.0
1652955141.879171,-0.0143712162971496,-0.02829509973526,-0.0591995418071746,-0.5768762230873108,0.3139601945877075,-0.754084050655365,-0.6297283172607422,0.5089997053146362,-0.7989205121994019,-0.6530337897095418,-0.3193612804198191,0.9725047885804344,103.0
1652955141.888929,-0.0271199345588684,-0.0146660208702087,-0.0726727247238159,-0.5754953622817993,0.3140667676925659,-0.7550941705703735,-0.6409074664115906,0.5424127578735352,-0.8394942879676819,-0.6512321669269923,-0.3194735146240027,0.9615937530454336,103.0
1652955141.898884,-0.0400676131248474,0.0345606803894043,-0.0490936934947967,-0.5739002227783203,0.3141541182994842,-0.7562708854675293,-0.6730068325996399,0.5890002250671387,-0.8590278029441833,-0.6491444808876715,-0.3195655198815114,0.9503278169042236,103.0
1652955141.908812,-0.0452939271926879,0.0696365237236023,0.0041961371898651,-0.5720918774604797,0.3143005669116974,-0.7575790882110596,-0.6661368012428284,0.6054450273513794,-0.8711068630218506,-0.6467940481393485,-0.3197197857665186,0.9388202544795828,103.0
1652955141.918967,-0.0351027250289917,0.0994582772254943,0.0300752818584442,-0.5703048706054688,0.3143308162689209,-0.7589126825332642,-0.6722514033317566,0.5838539600372314,-0.8648145794868469,-0.6444452538453106,-0.3197516513140039,0.9273316376509216,103.0
1652955141.928889,-0.0106734037399292,0.0775956511497497,0.0243803262710571,-0.5687332153320312,0.3147004544734955,-0.7599381804466248,-0.6940571665763855,0.532247006893158,-0.8363274335861206,-0.6424725041082999,-0.3201410541164214,0.9158619785000384,103.0
1652955141.93866,-0.0059707760810852,0.0231043696403503,0.0013891458511352,-0.5676375031471252,0.3152459263801574,-0.7605311274528503,-0.7089852690696716,0.4493724107742309,-0.8432385921478271,-0.6411737632508463,-0.3207157799945312,0.9044326007532312,103.0
1652955141.9487262,-0.0256366729736328,0.0090610980987548,0.0160816609859466,-0.5671214461326599,0.3157817125320434,-0.7606938481330872,-0.6928549408912659,0.4010570645332336,-0.858398973941803,-0.6406353251334811,-0.3212804221136451,0.8928163153614053,103.0
1652955141.958599,-0.0450373888015747,-0.0233382582664489,0.0543412566184997,-0.5668551921844482,0.3158674240112304,-0.7608566880226135,-0.6168126463890076,0.3827217221260071,-0.8639815449714661,-0.6403077206243266,-0.3213707432145737,0.8814365497814189,103.0
1652955141.968549,-0.0515230894088745,-0.0292973518371582,0.0721446871757507,-0.5668392181396484,0.3154743313789367,-0.7610316872596741,-0.5833371877670288,0.3457231819629669,-0.8833687901496887,-0.6401840928381888,-0.3209564642282876,0.8703484985404677,103.0
1652955141.978481,-0.0678532719612121,-0.0045446753501892,0.0639439225196838,-0.5671411752700806,0.3147028982639313,-0.7611261010169983,-0.5689324140548706,0.3279513716697693,-0.9310348033905028,-0.6403797728095345,-0.3201436187620166,0.8591160918657275,103.0
1652955141.988391,-0.0825632214546203,0.0374061465263366,0.0537071526050567,-0.5675831437110901,0.3137091994285583,-0.761206865310669,-0.5992145538330078,0.3475025594234466,-0.9683873057365416,-0.6407022383796153,-0.3190969227408129,0.8474811917758369,103.0
1652955141.998595,-0.0801588296890258,0.0481122732162475,0.0350112915039062,-0.5679276585578918,0.3129501342773437,-0.7612623572349548,-0.6450779438018799,0.3611664474010467,-0.9731860756874084,-0.6409581132709916,-0.3182975946680701,0.8353774243938064,103.0
1652955142.008368,-0.0650137662887573,0.0546606183052063,-0.0126532912254333,-0.5680885910987854,0.3125037550926208,-0.7613257169723511,-0.6727693676948547,0.391386330127716,-0.9421253204345704,-0.641054002717816,-0.3178276427511205,0.8231749590810052,103.0
1652955142.018353,-0.039219856262207,0.0597398281097412,-0.0580232441425323,-0.5678357481956482,0.3127076923847198,-0.7614305019378662,-0.7449857592582703,0.428676962852478,-0.8866322040557861,-0.6407746584429145,-0.3180423520163037,0.8110355214167982,103.0
1652955142.028306,-0.0184547901153564,0.0442378520965576,-0.078273206949234,-0.5672079920768738,0.3137315511703491,-0.7614772319793701,-0.812397837638855,0.4466071724891662,-0.8421967029571533,-0.6402152178826434,-0.3191204497610845,0.7988965356394785,103.0
1652955142.038266,-0.0233218073844909,0.0410242080688476,-0.0713400244712829,-0.566415011882782,0.3154042959213257,-0.7613764405250549,-0.8899118304252625,0.4656852781772613,-0.855155348777771,-0.6396085980301124,-0.3208826812323548,0.7864429706435643,103.0
1652955142.0483642,-0.0468493103981018,0.0324218273162841,-0.043905884027481,-0.5653637647628784,0.3174959421157837,-0.7612884640693665,-0.9516322612762452,0.5309227108955383,-0.8831188678741455,-0.638774469086736,-0.3230876404351075,0.7733628677320117,103.0
1652955142.058161,-0.0763156414031982,0.0300042629241943,-0.0236499309539794,-0.5639888644218445,0.3195483684539795,-0.7614495754241943,-0.948125183582306,0.6037790775299072,-0.9491420984268188,-0.6375081867041806,-0.32525281337059,0.7596616174408892,103.0
1652955142.068283,-0.082029640674591,0.0564922094345092,-0.0142723023891448,-0.5621657967567444,0.3213401138782501,-0.7620433568954468,-0.9573647379875184,0.6850720047950745,-0.980652153491974,-0.6355879796873505,-0.3271443086825611,0.7455615771151803,103.0
1652955142.078088,-0.06340092420578,0.053559124469757,-0.0064444541931152,-0.5599815249443054,0.3232015967369079,-0.7628639340400696,-0.988991379737854,0.7225466966629028,-0.9971267580986024,-0.6332157711699048,-0.3291107130499006,0.731076785837352,103.0
1652955142.088008,-0.0315926074981689,0.0405856966972351,-0.0226687788963317,-0.5577017664909363,0.3252353072166443,-0.7636692523956299,-0.994940221309662,0.720396876335144,-0.9803385138511658,-0.6307683864123446,-0.3312605552162509,0.7164850068057612,103.0
1652955142.097956,-0.0024494528770446,0.0317985415458679,-0.0370223820209503,-0.5553812980651855,0.3274734318256378,-0.7644035220146179,-1.0121055841445925,0.7146721482276917,-0.9598982334136964,-0.6283267421774129,-0.3336283130234799,0.7020059242550645,103.0
1652955142.107968,0.0106749534606933,0.0215122103691101,-0.0277256965637207,-0.5532163381576538,0.3300633132457733,-0.7648593783378601,-1.0536706447601318,0.6759620904922485,-0.962442934513092,-0.6261874603559336,-0.3363706427276962,0.6874058917134369,103.0
1652955142.1179252,0.0053001642227172,0.0129265785217285,-0.0151721835136413,-0.55136638879776,0.3326770365238189,-0.7650628089904785,-1.0446300506591797,0.6580520272254944,-0.9877166152000428,-0.6244715086473788,-0.3391408874921546,0.6725792270699216,103.0
1652955142.127903,-0.012513518333435,0.0211405158042907,-0.0010072290897369,-0.5497269630432129,0.335159420967102,-0.7651590704917908,-1.075364112854004,0.6650428175926208,-1.047301173210144,-0.6230001233367919,-0.3417744285247645,0.6573147350963683,103.0
1652955142.13799,-0.023702323436737,0.0427387356758117,0.0041150450706481,-0.5481511950492859,0.3374376893043518,-0.7652881741523743,-1.0769964456558228,0.7014088034629822,-1.1184747219085691,-0.6215606564747057,-0.3441935993884881,0.6413459870803997,103.0
1652955142.147943,-0.0107666254043579,0.0922350883483886,-0.0033066272735595,-0.5464842915534973,0.339381456375122,-0.765620768070221,-1.081329584121704,0.7466992735862732,-1.164671540260315,-0.6199140945923951,-0.3462592395564251,0.6249017148612392,103.0
1652955142.1577492,0.0317482352256774,0.1224892735481262,-0.0017858743667602,-0.5446876287460327,0.3413091599941253,-0.766044020652771,-1.1017072200775146,0.7711489796638489,-1.2004824876785278,-0.6180967317498733,-0.3483093520369724,0.6079710133160305,103.0
1652955142.167717,0.0801196694374084,0.1139893531799316,0.0075241029262542,-0.5430865287780762,0.3431380987167358,-0.7663636207580566,-1.1074187755584717,0.7243587970733643,-1.2270275354385376,-0.6165103032054098,-0.3502558165129618,0.590715382491973,103.0
1652955142.1776829,0.1162668466567993,0.0967472791671752,0.0286423861980438,-0.542032778263092,0.3449690341949463,-0.7662876844406128,-1.119368314743042,0.6617166996002197,-1.2560056447982788,-0.6156411081956763,-0.3522058068079997,0.5731543261878413,103.0
1652955142.187622,0.1308091878890991,0.0860962867736816,0.0390958786010742,-0.5416367650032043,0.3464021384716034,-0.7659211158752441,-1.0607306957244873,0.5983611941337585,-1.3060427904129028,-0.6155221505393991,-0.3537330566981012,0.5553679287549921,103.0
1652955142.197612,0.1295140981674194,0.0933992266654968,0.0567371845245361,-0.5419285297393799,0.3470713794231415,-0.7654115557670593,-1.0105180740356443,0.5405271649360657,-1.3613169193267822,-0.6160898430427931,-0.3544465568485749,0.5374422625889249,103.0
1652955142.207683,0.1258633136749267,0.1093939542770385,0.0797838270664215,-0.5427180528640747,0.3471418023109436,-0.7648199796676636,-0.9640676975250244,0.5124558210372925,-1.3973625898361206,-0.6171414819933607,-0.3545216605678057,0.5194001970393786,103.0
1652955142.217472,0.1348359584808349,0.1216442584991455,0.0654525756835937,-0.5437867045402527,0.3465499579906463,-0.764329195022583,-0.8724445700645447,0.4830659925937652,-1.4091284275054932,-0.6183733261747317,-0.3538906467312568,0.5015997226750796,103.0
1652955142.227489,0.1456086039543151,0.168954849243164,0.0310200750827789,-0.5451140999794006,0.3455210626125335,-0.7638493180274963,-0.8840233683586121,0.4405811429023742,-1.4109305143356323,-0.6198223950037797,-0.3527939959348542,0.4840597827631785,103.0
1652955142.237584,0.1471403241157531,0.2035323977470398,0.0275906324386596,-0.5468595027923584,0.3446475267410278,-0.7629958987236023,-0.9275913834571838,0.3932583928108215,-1.4529008865356443,-0.621863892409245,-0.3518632880312117,0.4661336523826031,103.0
1652955142.247519,0.1392177939414978,0.1759606003761291,0.0250101685523986,-0.5490840673446655,0.3436726927757263,-0.7618371248245239,-0.9509052634239196,0.3640511333942413,-1.5117472410202026,-0.6245081642017537,-0.3508250146677725,0.4475394817011519,103.0
1652955142.2573671,0.1388062238693237,0.1399401426315307,0.001825600862503,-0.5518004894256592,0.3426873385906219,-0.760316789150238,-1.0284708738327026,0.3008934557437897,-1.5735390186309814,-0.6278001477131194,-0.3497759505517478,0.4281545078548547,103.0
1652955142.267323,0.1292087435722351,0.1266045570373535,-0.029898464679718,-0.5554171800613403,0.341574490070343,-0.7581811547279358,-1.0583206415176392,0.2196534574031829,-1.684705138206482,-0.6322491662333125,-0.3485916362691075,0.407701790503624,103.0
1652955142.277452,0.1112216711044311,0.1539614796638488,-0.0040595233440399,-0.5599672794342041,0.3404700458049774,-0.7553256154060364,-1.18445086479187,0.1400012522935867,-1.7699720859527588,-0.637947752860087,-0.3474167544759682,0.3858964786366631,103.0
1652955142.2872028,0.0830733180046081,0.1813950538635254,0.0490281581878662,-0.5651746988296509,0.3393995761871338,-0.7519211769104004,-1.2054187059402466,0.1020290851593017,-1.82795524597168,-0.6445504337107024,-0.3462784960078452,0.3629963563750308,103.0
1652955142.2972112,0.0782340764999389,0.1928749680519104,0.0642773211002349,-0.5706350207328796,0.3380053639411926,-0.7484169602394104,-1.1832242012023926,0.0736389905214309,-1.8047000169754028,-0.6514254343508497,-0.3447967136883645,0.3400595148005083,103.0
1652955142.307292,0.0959485173225402,0.2184740304946899,0.045078694820404,-0.5762340426445007,0.336772471666336,-0.7446734309196472,-1.222890853881836,0.0372758768498897,-1.7705931663513184,-0.6585647692604681,-0.3434870414643003,0.3172837899454267,103.0
1652955142.317078,0.1012506484985351,0.2287537455558776,0.0140430629253387,-0.5820244550704956,0.3355052471160888,-0.7407318949699402,-1.1928373575210571,-0.0042233648709952,-1.7680397033691406,-0.6659866028255733,-0.3421415191084627,0.2946975762505104,103.0
1652955142.327379,0.0901744365692138,0.2650704979896545,0.0558378398418426,-0.5881144404411316,0.3342531025409698,-0.7364755272865295,-1.2663922309875488,-0.0527988374233245,-1.751137614250183,-0.6738577147060884,-0.340812651942086,0.2720399728627047,103.0
1652955142.337049,0.0629079341888427,0.2330242991447448,0.1388092637062072,-0.5944477319717407,0.3331756293773651,-0.7318646311759949,-1.2381020784378052,-0.1021884903311729,-1.748177170753479,-0.6821582705706765,-0.3396696385906509,0.2493086221885795,103.0
1652955142.347118,0.0217899084091186,0.1913983821868896,0.1758151054382324,-0.6012118458747864,0.3315243721008301,-0.7270734310150146,-1.161558985710144,-0.1707045882940292,-1.7221333980560305,-0.6909253000923251,-0.3379188761465384,0.2270933718119083,103.0
1652955142.356938,-0.0049628615379333,0.1849402785301208,0.177153468132019,-0.6081809997558594,0.3294536173343658,-0.7222023010253906,-1.09768545627594,-0.2111114114522934,-1.663444995880127,-0.6999014990566753,-0.3357248282135006,0.2057139384644332,103.0
1652955142.366912,-0.0050325989723205,0.1715369224548339,0.1333488225936889,-0.6152065992355347,0.3269478678703308,-0.7173743844032288,-0.9950968027114868,-0.2629124820232391,-1.613512396812439,-0.7088787475082649,-0.3330721272553973,0.1854246695429906,103.0
1652955142.3769789,0.0116679072380065,0.1516581177711486,0.085369199514389,-0.6225534677505493,0.3239630758762359,-0.712372899055481,-0.9451497793197632,-0.353513240814209,-1.579354763031006,-0.7182152367925002,-0.3299155034960878,0.166062233353216,103.0
1652955142.386796,0.016229510307312,0.1615548133850097,0.06636443734169,-0.630441427230835,0.3207052946090698,-0.706888735294342,-0.9172794818878174,-0.4574690163135528,-1.5588538646697998,-0.7282962035589006,-0.3264740085034194,0.147216992465607,103.0
1652955142.396804,-0.0110166668891906,0.1647907495498657,0.0793652236461639,-0.6388245224952698,0.3170886039733886,-0.7009693384170532,-0.8583139181137085,-0.5321840047836304,-1.5504357814788818,-0.7390475495309293,-0.3226580935476512,0.1288358882971814,103.0
1652955142.40676,-0.0474849939346313,0.1884035468101501,0.1148879826068878,-0.6476290225982666,0.3129532039165497,-0.6947206854820251,-0.8297216296195984,-0.6020532846450806,-1.5559029579162598,-0.7503310085351567,-0.3183008400570056,0.1108767969958053,103.0
1652955142.4167151,-0.0711055994033813,0.1991398930549621,0.1406791806221008,-0.6568148136138916,0.308249682188034,-0.6881688833236694,-0.7667469382286072,-0.6579530835151672,-1.5756646394729614,-0.7620905402900998,-0.3133525621119544,0.09312799614358,103.0
1652955142.426653,-0.0679727792739868,0.1770327091217041,0.1117842197418212,-0.6662037968635559,0.3026902973651886,-0.6815798878669739,-0.664837658405304,-0.6939393281936646,-1.5636351108551023,-0.7739902707528904,-0.3075140995253419,0.0761459354416606,103.0
1652955142.4366488,-0.0448315739631652,0.1497098803520202,0.05695641040802,-0.6757493615150452,0.2968796193599701,-0.6747037768363953,-0.6691791415214539,-0.7837746739387512,-1.5141972303390503,-0.786172407248651,-0.3014232781262678,0.0598446364164716,103.0
1652955142.446873,-0.0483925938606262,0.1055593490600586,0.0213249921798706,-0.6857686638832092,0.291174978017807,-0.6670370101928711,-0.6893327832221985,-0.8950790166854858,-1.4820473194122314,-0.7992438019363873,-0.2954548193469439,0.0438763986368297,103.0
1652955142.456554,-0.0817577838897705,0.0650408864021301,0.0414986610412597,-0.6960894465446472,0.2858939170837402,-0.6585773229598999,-0.7696643471717834,-0.956497609615326,-1.4476680755615234,-0.813082142994194,-0.2899391457761364,0.0278503179963908,103.0
1652955142.466485,-0.1057770848274231,0.0547122955322265,0.0985651910305023,-0.7064939141273499,0.2810277044773102,-0.6495304107666016,-0.8000747561454773,-0.9907586574554444,-1.4063730239868164,-0.827381209788102,-0.2848647914396136,0.0117216250452496,103.0
1652955142.47646,-0.1042520999908447,0.048823058605194,0.1389848887920379,-0.7167622447013855,0.2763441503047943,-0.6402232646942139,-0.7847261428833008,-1.0182888507843018,-1.336096167564392,-0.8417421523710246,-0.2799880394855737,-0.0039345523205119,103.0
1652955142.486425,-0.0947399139404296,0.0469852089881897,0.1411207914352417,-0.7268237471580505,0.2719041705131531,-0.630710244178772,-0.7807654142379761,-1.0327677726745603,-1.278104305267334,-0.8560803025440782,-0.2753711935330409,-0.018956846021328,103.0
1652955142.496344,-0.0863586664199829,0.039532721042633,0.119879812002182,-0.7365019917488098,0.2674798369407654,-0.6213045716285706,-0.7294548153877258,-0.9893656373023988,-1.2154399156570437,-0.8700362589979109,-0.2707766090637908,-0.0333295510414258,103.0
1652955142.506326,-0.0755765438079834,0.0266288518905639,0.1305200457572937,-0.7456057071685791,0.2628973424434662,-0.6123374700546265,-0.6223412752151489,-0.9586809277534484,-1.155562162399292,-0.8832246295169467,-0.266023943793896,-0.0465050816928848,103.0
1652955142.516463,-0.0777621865272522,0.005674123764038,0.1748626828193664,-0.7542842626571655,0.2578308284282684,-0.6038033962249756,-0.5213935971260071,-0.9313755035400392,-1.1277965307235718,-0.8957514803378139,-0.2607764567903774,-0.058496510947205,103.0
1652955142.526284,-0.0823421478271484,-0.030566394329071,0.211375206708908,-0.762658953666687,0.252049446105957,-0.5956696271896362,-0.396338403224945,-0.917765498161316,-1.1237086057662964,-0.9077217450354635,-0.2547975059678925,-0.0694232706607584,103.0
1652955142.536244,-0.076104998588562,-0.0726912021636962,0.1978286802768707,-0.7708187103271484,0.2455459833145141,-0.5878313183784485,-0.2794884741306305,-0.9221261739730836,-1.0880062580108645,-0.919275819579669,-0.2480828743105933,-0.0790840857341573,103.0
1652955142.54628,-0.0535804629325866,-0.0775723457336425,0.1495858579874038,-0.7788168787956238,0.2388266324996948,-0.5800051689147949,-0.2435226887464523,-0.93914133310318,-1.041528344154358,-0.9306791560345452,-0.2411573319064216,-0.0877751046975695,103.0
1652955142.55615,-0.0323084592819213,-0.0692279338836669,0.1109334230422973,-0.7865696549415588,0.2322520315647125,-0.5721600651741028,-0.2190738171339035,-0.9372851252555848,-0.9798210859298706,-0.9419090598386818,-0.2343923924630248,-0.0958076425727636,103.0
1652955142.569306,-0.0144503116607666,-0.06690514087677,0.1128764450550079,-0.7940824627876282,0.2260823249816894,-0.5641984939575195,-0.2282569259405136,-0.9560424089431764,-0.9107207655906676,-0.9530556550141812,-0.2280539925646267,-0.1032772711639453,103.0
1652955142.578622,-0.0070220828056335,-0.064072847366333,0.1422249972820282,-0.8014037609100342,0.2202628403902053,-0.5560901761054993,-0.201517716050148,-0.963324785232544,-0.863846480846405,-0.9641793400797602,-0.2220839176422794,-0.1103053329232161,103.0
1652955142.586658,-0.0169637799263,-0.0698458552360534,0.1587452143430709,-0.8084450364112854,0.214393213391304,-0.5481351017951965,-0.096626192331314,-0.9400750398635864,-0.8069810271263123,-0.9749805939406204,-0.216070551827945,-0.1164010833104622,103.0
1652955142.596526,-0.0383878350257873,-0.0984420180320739,0.171392560005188,-0.8150361776351929,0.2082614004611969,-0.5406876802444458,0.0271186530590057,-0.885579526424408,-0.7524551749229431,-0.985064884699602,-0.2097970475858119,-0.1210842826053847,103.0
1652955142.606538,-0.0547910332679748,-0.1195361614227294,0.1823548674583435,-0.8211091756820679,0.2019224762916565,-0.5338605046272278,0.1278747618198394,-0.8305901288986206,-0.6963240504264832,-0.9943016571913462,-0.2033204354649593,-0.1244450207714617,103.0
1652955142.616231,-0.0549416542053222,-0.135424792766571,0.1914433687925338,-0.8267110586166382,0.1957026124000549,-0.5274932980537415,0.1415245234966278,-0.7919785380363464,-0.6436424255371094,-1.002858862114018,-0.1969738604075475,-0.1269463246816981,103.0
1652955142.62567,-0.0391276478767395,-0.1513832211494445,0.1681449860334396,-0.8319812417030334,0.1899177879095077,-0.5212852954864502,0.1106039583683013,-0.7696896195411682,-0.5947728157043457,-1.011076778394992,-0.1910784121008228,-0.1292165729479873,103.0
1652955142.6358352,-0.0272411704063415,-0.1589320302009582,0.1366822123527526,-0.8369708061218262,0.184774711728096,-0.5151097774505615,0.0298920683562755,-0.7444025874137878,-0.5509465336799622,-1.019097281211472,-0.1858426282847018,-0.1316993871922414,103.0
1652955142.645774,-0.0205188393592834,-0.1587419509887695,0.1219650208950042,-0.8416179418563843,0.1805557608604431,-0.5089979767799377,-0.0730239301919937,-0.7058943510055542,-0.4811362624168396,-1.02686580992043,-0.1815514678206338,-0.134607105918677,103.0
1652955142.655644,-0.0145415663719177,-0.1648122668266296,0.1243318915367126,-0.845855712890625,0.1773954480886459,-0.5030497312545776,-0.1371128857135772,-0.6644718050956726,-0.4042002260684967,-1.0342661162814908,-0.1783392846529274,-0.1378455181270915,103.0
1652955142.665553,-0.013594627380371,-0.1796872913837433,0.129298135638237,-0.8497017621994019,0.1750842183828354,-0.4973452091217041,-0.1862954199314117,-0.6224704384803772,-0.3231141865253448,-1.041242833168106,-0.1759913062250478,-0.1411068195508706,103.0
1652955142.675523,-0.0099945068359375,-0.1935762166976928,0.1347095072269439,-0.853103518486023,0.1735486090183258,-0.4920317530632019,-0.1589711308479309,-0.5537909865379333,-0.2552509903907776,-1.0476440985820108,-0.1744318219410746,-0.1441850504940325,103.0
1652955142.685437,-0.0102072954177856,-0.1913973093032837,0.1208675801753997,-0.8560187816619873,0.1723301112651825,-0.4873747229576111,-0.1187333613634109,-0.4878296554088592,-0.1856778264045715,-1.0532181693999247,-0.1731946784219761,-0.1464586679882944,103.0
1652955142.695474,-0.0115508437156677,-0.16758593916893,0.1192931085824966,-0.8584594130516052,0.1715546697378158,-0.4833388030529022,-0.1116738468408584,-0.4090349674224853,-0.1343147754669189,-1.058003972400655,-0.1724075214463284,-0.1482688392493757,103.0
1652955142.705367,-0.0244150757789611,-0.1642731726169586,0.1061978489160537,-0.8604419827461243,0.1710848808288574,-0.4799681603908539,-0.1099113672971725,-0.3388993144035339,-0.0932022705674171,-1.06197228793386,-0.1719306835142039,-0.1497672659558921,103.0
1652955142.715346,-0.024535059928894,-0.1635763049125671,0.0831481218338012,-0.8620310425758362,0.1709107607603073,-0.4771708250045776,-0.104977861046791,-0.2648855447769165,-0.0764118358492851,-1.065237428630485,-0.1717539513384433,-0.1511719553816824,103.0
1652955142.7252731,-0.0214338898658752,-0.1589280068874359,0.056719496846199,-0.8632553219795227,0.1706975400447845,-0.475028932094574,-0.0972795262932777,-0.1983459740877151,-0.0766799375414848,-1.067741004458726,-0.1715375599954253,-0.1523927217352265,103.0
1652955142.7352672,-0.0183467864990234,-0.1433299779891967,0.0501957386732101,-0.8641910552978516,0.1704464256763458,-0.4734151363372803,-0.0777095556259155,-0.1433988362550735,-0.0791383013129234,-1.069633711993112,-0.1712827011947651,-0.153576121385117,103.0
1652955142.745252,-0.0220369100570678,-0.1465616226196289,0.0587238669395446,-0.8648953437805176,0.1700816750526428,-0.4722586572170257,-0.0678087174892425,-0.1020138412714004,-0.0787004753947258,-1.0710063528685805,-0.170912552838174,-0.1545758069981335,103.0
1652955142.755153,-0.0200715661048889,-0.1525019705295562,0.0703161209821701,-0.8654568791389465,0.1697351783514022,-0.4713536500930786,-0.0853634774684906,-0.0825746282935142,-0.0810882672667503,-1.0720854268544646,-0.1705609479602845,-0.1556379675482434,103.0
1652955142.765096,-0.0109640955924987,-0.1567131578922271,0.0591075271368026,-0.8659736514091492,0.1694691330194473,-0.4704993963241577,-0.0993499457836151,-0.0805352330207824,-0.0793983340263366,-1.0730974238410704,-0.1702909872959019,-0.1568339026168579,103.0
1652955142.7750912,-0.0019970536231994,-0.1519824862480163,0.0395430326461792,-0.8664568662643433,0.1694108694791793,-0.4696301221847534,-0.1272987574338913,-0.0705545023083686,-0.0540751405060291,-1.0741065188931358,-0.1702318715863666,-0.1581540899008807,103.0
1652955142.7850251,0.0009074211120605,-0.1416803002357483,0.0308012664318084,-0.8667520880699158,0.1696687638759613,-0.468991756439209,-0.1141126453876495,-0.0262570828199386,-0.0205491371452808,-1.074818753919539,-0.1704935460421909,-0.1594072614974607,103.0
1652955142.7951431,-0.0095486044883728,-0.140102356672287,0.0458755642175674,-0.8668245077133179,0.1702499389648437,-0.4686470925807953,-0.1594417691230774,0.0004198031965643,0.0080761145800352,-1.0751613686871528,-0.1710833074811562,-0.1606189326829476,103.0
1652955142.804945,-0.0258419513702392,-0.1426700949668884,0.0708290040493011,-0.8667360544204712,0.1711296290159225,-0.4684902727603912,-0.1730537861585617,0.0255484320223331,0.0121825179085135,-1.0752586801508894,-0.1719761020635214,-0.1620706224939568,103.0
1652955142.815053,-0.0310770869255065,-0.1450909376144409,0.0652091205120086,-0.8665211200714111,0.1720345616340637,-0.4685565829277038,-0.1564164757728576,0.0555135197937488,0.0176121704280376,-1.0750956908593703,-0.1728946475827889,-0.1634741418628785,103.0
1652955142.8250818,-0.0279468894004821,-0.1339966356754303,0.0542312115430831,-0.866141676902771,0.1729416400194168,-0.468923956155777,-0.1350807100534439,0.0903738215565681,0.0324298441410064,-1.0745843797326315,-0.1738155320311621,-0.1646590400949134,103.0
1652955142.835023,-0.0192296504974365,-0.1363165080547332,0.0547624379396438,-0.8655816316604614,0.1737989634275436,-0.4696405827999115,-0.0789649710059166,0.1095901280641555,0.0452497750520706,-1.073673680567392,-0.1746860411783316,-0.165419052196248,103.0
1652955142.845099,-0.0069940090179443,-0.1362104415893554,0.0713219940662384,-0.8649388551712036,0.17448191344738,-0.4705705940723419,-0.0377645343542099,0.1198108568787574,0.0426125191152095,-1.072532182798831,-0.1753795797278607,-0.1656838396207287,103.0
1652955142.854961,-0.0068733096122741,-0.1380822956562042,0.080549731850624,-0.864266037940979,0.1749587208032608,-0.4716284573078155,-0.0152381900697946,0.1283012926578521,0.0412670895457267,-1.071261829002382,-0.1758638402619003,-0.1656671415783521,103.0
1652955142.865027,-0.0086010694503784,-0.1365616619586944,0.060654804110527,-0.863530158996582,0.1753529161214828,-0.4728286266326904,-0.0041446592658758,0.1454687118530273,0.0480694137513637,-1.0698336590921624,-0.1762642196750822,-0.1655173729731313,103.0
1652955142.874999,-0.0044382214546203,-0.1097198724746704,0.0267563462257385,-0.8626729249954224,0.175941452383995,-0.4741730093955993,-0.0491837710142135,0.1708718091249466,0.0618374198675155,-1.0682175546973605,-0.1768620596452089,-0.1654346322955495,103.0
1652955142.885644,-0.0056307911872863,-0.0879172086715698,0.015308529138565,-0.8616329431533813,0.1769216954708099,-0.4756967723369598,-0.0967140719294548,0.211927905678749,0.0787753537297248,-1.0663518462075483,-0.1778579282261529,-0.1657565946740737,106.0
1652955142.894724,-0.00220787525177,-0.0760449767112732,0.0146765112876892,-0.8603256344795227,0.1781793385744094,-0.4775897264480591,-0.0853133425116539,0.260563850402832,0.1112344935536384,-1.06402561098874,-0.179135865546123,-0.1661124367852247,106.0
1652955142.904902,0.0038530826568603,-0.0680806636810302,0.0231154263019561,-0.8587114214897156,0.1796891838312149,-0.4799235463142395,-0.0730291903018951,0.3080440163612366,0.1470471173524856,-1.0611548807845714,-0.1806704889723656,-0.166192388577848,106.0
1652955142.9147692,0.000612199306488,-0.0728700757026672,0.0359041094779968,-0.8567980527877808,0.1814116239547729,-0.48268723487854,-0.0518344156444072,0.3548157811164856,0.1818335950374603,-1.0577524945265475,-0.1824217037185304,-0.1659142180813254,106.0
1652955142.9246612,-0.0069208741188049,-0.0680846869945526,0.0519176572561264,-0.8546207547187805,0.1832965910434723,-0.4858246147632599,-0.0379757285118103,0.3869155943393707,0.2048348635435104,-1.0538847997644112,-0.1843388121272041,-0.1653351188288874,106.0
1652955142.934608,-0.0041875839233398,-0.0707067847251892,0.0648862719535827,-0.8522576093673706,0.1854341924190521,-0.4891534745693207,-0.0634073168039321,0.400380790233612,0.2327445298433303,-1.0497513145512147,-0.1865136982858312,-0.1646512188177252,106.0
1652955142.944725,-0.002518892288208,-0.0916504263877868,0.0560952723026275,-0.8498217463493347,0.1878165453672409,-0.4924713373184204,-0.059510450810194,0.3986698091030121,0.2520769834518432,-1.0455870801844789,-0.1889386507535842,-0.1639670660930079,106.0
1652955142.954538,-0.0015506744384765,-0.0807421803474426,0.0436020195484161,-0.8472651243209839,0.1903610378503799,-0.4958875477313995,-0.0550318099558353,0.4257901012897491,0.2867593169212341,-1.0412704891089124,-0.1915298917262776,-0.1630849778561229,106.0
1652955142.9644852,0.0031846761703491,-0.063625693321228,0.0341673791408538,-0.8445236682891846,0.1931581050157547,-0.4994694590568542,-0.0372815057635307,0.4430670440196991,0.3183182775974273,-1.0367084124480157,-0.1943798475738133,-0.1619224910467439,106.0
1652955142.974608,0.001659870147705,-0.041427731513977,0.0355834066867828,-0.841640830039978,0.1961823552846908,-0.503143310546875,-0.0661784037947654,0.456407368183136,0.339567631483078,-1.0319869334161869,-0.1974630885526296,-0.1606415160938181,106.0
1652955142.984412,-0.0100876092910766,-0.032291829586029,0.0342079997062683,-0.8386214971542358,0.1995109468698501,-0.5068622827529907,-0.1009100824594497,0.4688650369644165,0.3640702366828918,-1.0271482967898165,-0.2008588137532623,-0.1595204272430108,106.0
1652955142.994391,-0.0188248753547668,-0.0421091318130493,0.0307908356189727,-0.8354688882827759,0.2034163624048233,-0.5105031728744507,-0.2039027661085128,0.4659049212932586,0.3917945623397827,-1.022300198853603,-0.2048459741939047,-0.1588127066736805,106.0
1652955143.00428,-0.0384212732315063,-0.0679132342338562,0.0409048497676849,-0.8322758078575134,0.2081186473369598,-0.5138128995895386,-0.3195436894893646,0.4645105600357055,0.4191778004169464,-1.0177105587192596,-0.2096511016867592,-0.1589337615570023,106.0
1652955143.014318,-0.0604904890060424,-0.0861185193061828,0.0634908378124237,-0.8289443850517273,0.2135630697011947,-0.5169546604156494,-0.349516749382019,0.4741344153881073,0.4646262228488922,-1.013182709548182,-0.2152207337376898,-0.1595332427543125,106.0
1652955143.024287,-0.0762578248977661,-0.113993227481842,0.1034837961196899,-0.8253229856491089,0.2194227576255798,-0.5202842354774475,-0.2879188656806946,0.4969744384288788,0.5630918741226196,-1.0083227685573637,-0.2212227623211272,-0.1595126405329202,106.0
1652955143.034254,-0.0785436630249023,-0.1256493330001831,0.1477269530296325,-0.8212516903877258,0.2259912937879562,-0.5239020586013794,-0.2696575820446014,0.5312447547912598,0.6896935105323792,-1.0029522130542468,-0.2279605330770846,-0.1584529359967774,106.0
1652955143.044458,-0.0906152725219726,-0.1756415367126464,0.1576099693775177,-0.8167027235031128,0.2337627559900283,-0.5275903344154358,-0.3568616509437561,0.5440537929534912,0.8311083316802979,-0.99723789593682,-0.2359458778658165,-0.1568653319661106,106.0
1652955143.054133,-0.1221542358398437,-0.2424706220626831,0.1560015380382537,-0.8116377592086792,0.2438855469226837,-0.5308142900466919,-0.7219863533973694,0.5626266598701477,0.9942684769630432,-0.9916115194391496,-0.2463703760980204,-0.1562987627462416,106.0
1652955143.064048,-0.1852204799652099,-0.3636853098869324,0.1662389636039734,-0.805914044380188,0.2576501667499542,-0.5330279469490051,-1.145717740058899,0.5701687932014465,1.187856674194336,-0.9864518383421764,-0.2605894856652436,-0.1581992424533302,106.0
1652955143.074189,-0.261248230934143,-0.4474926590919494,0.1905378103256225,-0.7993900775909424,0.2747637331485748,-0.5343036651611328,-1.40014386177063,0.6114464402198792,1.3806551694869995,-0.98160219585849,-0.2783439630873752,-0.1619335428838502,106.0
1652955143.083856,-0.3255860805511474,-0.421061635017395,0.2592466473579407,-0.7916013598442078,0.2939912974834442,-0.5356644988059998,-1.4214197397232056,0.7679970264434814,1.5476336479187012,-0.9758902251195264,-0.2984000139817669,-0.1657560614302216,106.0
1652955143.093904,-0.3706151247024536,-0.3526342511177063,0.3423005640506744,-0.7819421291351318,0.313964694738388,-0.5385095477104187,-1.2422009706497192,0.9926740527153016,1.7286988496780396,-0.9677067112679086,-0.3193660116624304,-0.1676639374837853,106.0
1652955143.103939,-0.369892954826355,-0.329476535320282,0.3748187124729156,-0.7700605392456055,0.3339978456497192,-0.5435550808906555,-1.0031821727752686,1.2519174814224243,1.8833904266357424,-0.9561481565742213,-0.3405418108943488,-0.1664519658052269,106.0
1652955143.113838,-0.3397466540336609,-0.4039942026138305,0.3294728398323059,-0.7559716701507568,0.3536936938762665,-0.5508245825767517,-0.8148112297058105,1.4551125764846802,2.005056858062744,-0.9411120880717464,-0.3615171126867905,-0.1622292488630598,106.0
1652955143.124306,-0.3160581588745117,-0.5211901068687439,0.2649915814399719,-0.740506112575531,0.3730851709842682,-0.5589796304702759,-0.7424398064613342,1.4532493352890017,2.0520334243774414,-0.924191053856094,-0.3823320852690179,-0.155846463332434,106.0
1652955143.1337872,-0.3293095827102661,-0.5450254082679749,0.2231959700584411,-0.7245995998382568,0.3921604752540588,-0.5667147636413574,-0.7510348558425903,1.4609706401824951,2.018296003341675,-0.9070611224702708,-0.4029790132056989,-0.1489095258528941,106.0
1652955143.144013,-0.3599910140037536,-0.5152965784072876,0.1935028433799743,-0.7081699371337891,0.4103332161903381,-0.5745624303817749,-0.6383232474327087,1.535051345825195,1.9635955095291135,-0.8891824294001194,-0.4228194238835075,-0.141370256881469,106.0
1652955143.153674,-0.352121889591217,-0.4584564566612243,0.1647921502590179,-0.6907093524932861,0.4271115064620971,-0.5835204720497131,-0.4782060384750366,1.6972978115081787,1.9338359832763672,-0.8693210995505236,-0.4412958291470358,-0.132457719042467,106.0
1652955143.1639209,-0.3172297477722168,-0.410232663154602,0.1440802216529846,-0.6721347570419312,0.4424981474876404,-0.5936583876609802,-0.3301209807395935,1.795976996421814,1.898073434829712,-0.8473166982144071,-0.4583824945076287,-0.1219309696188402,106.0
1652955143.173625,-0.2792730331420898,-0.3420642018318176,0.1290967464447021,-0.6527642607688904,0.4563525021076202,-0.6046826839447021,-0.2015051990747451,1.9192906618118288,1.8225778341293333,-0.8236170011433248,-0.4738916267999369,-0.1102766782449792,106.0
1652955143.183542,-0.2403982281684875,-0.3220128417015075,0.0936964750289917,-0.6323280930519104,0.4687424302101135,-0.6167994141578674,-0.0461471006274223,2.043747901916504,1.8288363218307493,-0.7978291581251608,-0.487866592583303,-0.0972256473948634,106.0
1652955143.1935248,-0.208203375339508,-0.2917105555534363,0.0477645397186279,-0.6106137037277222,0.480189561843872,-0.6297372579574585,0.0512228608131408,2.1229279041290283,1.8919098377227783,-0.7699815335462207,-0.500870805336731,-0.0822457204146643,106.0
1652955143.203487,-0.1909316778182983,-0.2690607905387878,0.0105013251304626,-0.5876021385192871,0.4912534356117248,-0.6429569721221924,0.0471209920942783,2.209080219268799,1.9271519184112549,-0.7404449669482539,-0.5135282107609627,-0.0659300601676371,106.0
1652955143.2136788,-0.1946885585784912,-0.2945631146430969,0.0004317164421081,-0.563779890537262,0.5019943714141846,-0.6558610796928406,0.0367232114076614,2.2238800525665283,1.896582007408142,-0.710042522402895,-0.5259032326310038,-0.0491893511854069,106.0
1652955143.223458,-0.2132226228713989,-0.2811317443847656,0.0169668197631835,-0.5394018292427063,0.5115518569946289,-0.6688500046730042,0.1912523359060287,2.33420729637146,1.827887296676636,-0.6786685201007847,-0.5369898834224712,-0.0318830671906538,106.0
1652955143.233384,-0.2319746613502502,-0.2835340499877929,0.0642480850219726,-0.5141037702560425,0.5193700790405273,-0.6826066970825195,0.2700723111629486,2.4189493656158447,1.7789852619171145,-0.6455126707596459,-0.546113651194397,-0.0136797808472087,106.0
1652955143.243502,-0.2387393116950988,-0.2595919370651245,0.1069997549057006,-0.4883876740932464,0.5260568857192993,-0.696233868598938,0.314143031835556,2.424400806427002,1.7069268226623535,-0.6117123305102359,-0.553957384358064,0.0047884307167123,106.0
1652955143.253324,-0.2566337585449219,-0.2941597104072571,0.0748413801193237,-0.4625586569309234,0.5319091081619263,-0.7093040347099304,0.2945632040500641,2.391521453857422,1.6891123056411743,-0.5778713407426632,-0.5608534322648931,0.023303420812627,106.0
1652955143.2633018,-0.3013212382793426,-0.3065769076347351,0.0303776860237121,-0.4365631937980652,0.5381037592887878,-0.7210110425949097,0.0953001081943512,2.349395036697388,1.7460675239562988,-0.54444470694833,-0.5681857615616233,0.0417164244162904,106.0
1652955143.273219,-0.3457174599170685,-0.2563749551773071,-0.0093293786048889,-0.4095620214939117,0.5459352135658264,-0.7308992743492126,-0.1621029376983642,2.4503941535949707,1.854047775268555,-0.5107574484781914,-0.5775049120244099,0.059942788901403,106.0
1652955143.2834768,-0.3286588490009308,-0.1919429898262024,-0.0599325895309448,-0.3806306421756744,0.55535489320755,-0.7393925189971924,-0.3389764428138733,2.590917587280273,1.9648069143295288,-0.475408162978663,-0.5887896842387569,0.0785300111247728,106.0
1652955143.293109,-0.2427467703819275,-0.133514404296875,-0.0916027426719665,-0.3498282432556152,0.565006673336029,-0.74725341796875,-0.2868309617042541,2.7068471908569336,2.0218522548675537,-0.4378462391242472,-0.6004413500243059,0.0983738069502119,106.0
1652955143.303132,-0.1511557400226593,-0.0936943888664245,-0.0674821734428405,-0.3179604113101959,0.5737992525100708,-0.7547553181648254,-0.2432581633329391,2.6999244689941406,2.071986198425293,-0.3987122632147266,-0.6111373001257678,0.1196996086429192,106.0
1652955143.313108,-0.0945554375648498,-0.0550376176834106,-0.0230615139007568,-0.285632461309433,0.5814874172210693,-0.7617654204368591,-0.1048699393868446,2.6519763469696045,2.1489124298095703,-0.3587366606945253,-0.6205557704718071,0.142840369971954,106.0
1652955143.323051,-0.0971612930297851,-0.0321958065032959,-0.032107651233673,-0.2527684271335602,0.5878937840461731,-0.7684328556060791,-0.0730530247092247,2.665626287460327,2.1748061180114746,-0.3177915097301265,-0.628452659833167,0.167614034397373,106.0
1652955143.333003,-0.1278527677059173,-0.0224425792694091,-0.1060829162597656,-0.2194372117519378,0.5937995910644531,-0.7741119861602783,-0.1416800171136856,2.7129828929901123,2.128413677215576,-0.2762231417857969,-0.6357729086949062,0.1926543691079322,106.0
1652955143.343099,-0.1536963135004043,-0.0004869699478149,-0.2026912569999694,-0.1854149550199508,0.599923312664032,-0.7782758474349976,-0.3751715719699859,2.83913254737854,2.098860263824463,-0.2338783785377539,-0.643405272010174,0.2172622896451648,106.0
1652955143.353097,-0.1488418877124786,0.0232017636299133,-0.2553238272666931,-0.1504286676645279,0.6076949834823608,-0.7797935605049133,-0.7196264863014221,2.921728134155273,2.0926764011383057,-0.1905674327173022,-0.6531549614563755,0.2413712789364742,106.0
1652955143.3628678,-0.1130701452493667,0.028409719467163,-0.2895448207855224,-0.1147435158491134,0.617257833480835,-0.7783486843109131,-0.9979326725006104,2.9090890884399414,2.183757781982422,-0.1463649645151097,-0.6652525300127725,0.2660776576203389,106.0
1652955143.372844,-0.0797158628702163,0.0258107185363769,-0.2768454551696777,-0.07903653383255,0.6273550987243652,-0.774712085723877,-1.0523312091827393,2.790246725082397,2.2039027214050293,-0.101668768083063,-0.6781521033677977,0.2922563040678599,106.0
1652955143.3828049,-0.0845196098089218,0.0291832089424133,-0.1463547945022583,-0.0442492552101612,0.6367875337600708,-0.7697685360908508,-1.0201611518859863,2.6423707008361816,2.2038846015930176,-0.0574206556263204,-0.6903246668428319,0.3194244085228886,106.0
1652955143.392787,-0.117400899529457,-0.0161858797073364,0.0084266066551208,-0.0107576139271259,0.6434286832809448,-0.7654303908348083,-0.483928918838501,2.5519676208496094,2.070671796798706,-0.0140534085985167,-0.6989688875103178,0.3469107358414825,106.0
1652955143.402736,-0.1643742024898529,-0.0363601446151733,0.1241489648818969,0.0211400091648101,0.644497275352478,-0.7643143534660339,0.1430846750736236,2.527874708175659,1.849115014076233,0.0276517402730234,-0.7003655842458096,0.3724148235493447,106.0
1652955143.41267,-0.1872493475675583,-0.0091614723205566,0.2371301651000976,0.0515377335250377,0.6404790878295898,-0.7662443518638611,0.779161810874939,2.5407185554504395,1.6197103261947632,0.0671590268242433,-0.6951219124260223,0.3946654572573734,106.0
1652955143.423018,-0.177826777100563,0.023324966430664,0.2317136526107788,0.0806741192936897,0.6310639977455139,-0.7715244293212891,1.3779771327972412,2.5607855319976807,1.4195200204849243,0.1041859636128004,-0.6829240742146074,0.4129331774295652,106.0
1652955143.4325871,-0.1330887377262115,0.0744197368621826,0.1602173447608947,0.1089493632316589,0.6178588271141052,-0.7787044048309326,1.677032709121704,2.57025146484375,1.2940843105316162,0.1390087176985252,-0.6660166267661879,0.4276817600288959,106.0
1652955143.442657,-0.0726735442876815,0.1334744095802307,0.0432302951812744,0.1363332420587539,0.6030251383781433,-0.7859860062599182,1.7045276165008545,2.506227731704712,1.2018169164657593,0.1717462450936825,-0.6472879018831696,0.439825870405426,106.0
1652955143.452458,-0.0036046057939529,0.1798586845397949,-0.0814953446388244,0.1624791622161865,0.588468611240387,-0.7920259833335876,1.5470860004425049,2.3782787322998047,1.1364463567733765,0.2023365195400289,-0.6291634443729913,0.4502762856213353,106.0
1652955143.462457,0.0628111362457275,0.2168700695037841,-0.1769244074821472,0.1869905292987823,0.5752856135368347,-0.7962920069694519,1.274937868118286,2.1557984352111816,1.1123062372207642,0.2306476040431007,-0.6129532578579224,0.4599894462857843,106.0
1652955143.472382,0.1047597080469131,0.246317982673645,-0.2050250768661499,0.2092051655054092,0.5642322301864624,-0.7986708879470825,0.9641231894493104,1.8575536012649536,1.0830252170562744,0.256185901273184,-0.5995029927463142,0.4696762133258826,106.0
1652955143.4823508,0.0975768268108367,0.2407687306404113,-0.1873519420623779,0.2286408692598343,0.5551192760467529,-0.7997286915779114,0.78414386510849,1.5731754302978516,0.9933796525001526,0.2784695520019682,-0.5885063753045429,0.4790403049209766,106.0
1652955143.4924731,0.0449618697166442,0.2122266292572021,-0.1349679827690124,0.2453671544790268,0.5469399690628052,-0.8004071712493896,0.7316433787345886,1.3722583055496216,0.8336829543113708,0.2974577519200475,-0.5787046694907272,0.4869877321094087,106.0
1652955143.502293,-0.0284565091133117,0.1670469045639038,-0.0572096109390258,0.2598865628242492,0.5388532280921936,-0.8013089895248413,0.8766574859619141,1.3004039525985718,0.6188716888427734,0.313623553708386,-0.5690752158407301,0.492419546356185,106.0
1652955143.512299,-0.080071210861206,0.1101337671279907,-0.0214695930480957,0.273064374923706,0.5294803977012634,-0.8031726479530334,1.1249897480010986,1.3174625635147097,0.405426561832428,0.3277225158318777,-0.5579879515513989,0.4944410351290227,106.0
1652955143.5224009,-0.0824991464614868,0.1056485772132873,-0.0235877633094787,0.2851511538028717,0.5188270211219788,-0.8059201836585999,1.3232290744781494,1.3066532611846924,0.1919233649969101,0.3400744026633559,-0.5454782629573295,0.4930078257012326,106.0
1652955143.532199,-0.0461180210113525,0.1393471956253051,-0.0849835276603698,0.2957365810871124,0.5074688792228699,-0.8093301057815552,1.4119768142700195,1.1942583322525024,-0.0038618468679487,0.3503358021446578,-0.5322447534898028,0.4886104888753946,106.0
1652955143.54223,-0.0203616917133331,0.1993876695632934,-0.15562105178833,0.304282009601593,0.4965481460094452,-0.8129282593727112,1.3415021896362305,1.0263396501541138,-0.1535091996192932,0.3581600359434895,-0.5196174924365652,0.4822232400786067,106.0
1652955143.552106,-0.0296951532363891,0.2377543449401855,-0.2168247103691101,0.3109909296035766,0.4867526590824127,-0.8163065910339355,1.222746968269348,0.8895458579063416,-0.2662146985530853,0.3639971413042736,-0.5083684416007476,0.4747665513486155,106.0
1652955143.562211,-0.0657386183738708,0.2635892033576965,-0.2330228090286255,0.3164710700511932,0.4784298539161682,-0.819115936756134,1.0617488622665403,0.8355352878570557,-0.344111829996109,0.3686900301735727,-0.4988657914113166,0.4668695168647317,106.0
1652955143.5720549,-0.0841688811779022,0.2748025059700012,-0.20318403840065,0.3217024505138397,0.4712809026241302,-0.8212196826934814,0.9877297282218932,0.8617120385169983,-0.387444406747818,0.3733632076129796,-0.490742530157551,0.4588376036792161,106.0
1652955143.581982,-0.0629749298095703,0.2931882739067077,-0.1613440811634063,0.3266620934009552,0.4647651016712188,-0.8229734301567078,0.9193373918533324,0.8006412386894226,-0.4196872115135193,0.3778562498659188,-0.4833693072995196,0.4506702141351886,106.0
1652955143.591967,-0.0318633019924163,0.2807087302207947,-0.134424090385437,0.3305693864822387,0.4589327573776245,-0.8246845602989197,0.8556082248687744,0.6457445621490479,-0.4796831905841827,0.3812332539367284,-0.4767936209937793,0.4422915700593561,106.0
1652955143.6019,-0.0431325137615203,0.28293377161026,-0.1451494395732879,0.3328206241130829,0.4540177881717682,-0.8264975547790527,0.7575569152832031,0.4900940060615539,-0.582649827003479,0.3828214381784453,-0.4712695354401058,0.4334147821910015,106.0
1652955143.611867,-0.0895042121410369,0.2776304483413696,-0.1603197753429412,0.3335533142089844,0.4502825438976288,-0.8282437920570374,0.6724113821983337,0.3898089528083801,-0.6883562803268433,0.3828520811900671,-0.4670817408394652,0.42386409937752,106.0
1652955143.6218529,-0.131632000207901,0.2558721303939819,-0.1737765073776245,0.333139568567276,0.4470919370651245,-0.8301366567611694,0.6951526999473572,0.2944866716861725,-0.7869048118591309,0.3816325337557629,-0.4635115827569972,0.4134339807141546,106.0
1652955143.631939,-0.1647065877914428,0.2396084070205688,-0.1292469501495361,0.3313173353672027,0.4442341029644012,-0.8323970437049866,0.6569048762321472,0.1625584810972213,-0.8887147903442383,0.378805212832189,-0.460319196017781,0.4019701268670555,106.0
1652955143.6418738,-0.1959561109542846,0.2073187828063964,-0.0359564125537872,0.3281735479831695,0.4418402016162872,-0.8349127769470215,0.6719632148742676,0.0794042125344276,-0.9822239875793456,0.3745121608460565,-0.4576489326206568,0.389626595283107,106.0
1652955143.651712,-0.2166778147220611,0.1661272048950195,0.0212474167346954,0.324206531047821,0.4392018020153045,-0.8378496170043945,0.7393374443054199,0.0360695160925388,-1.0322234630584717,0.3692066501859874,-0.4547099911440965,0.3763221633488744,106.0
1652955143.661649,-0.2181113064289093,0.1488155722618103,0.0291257798671722,0.3200094997882843,0.4361604154109955,-0.8410457372665405,0.7928504943847656,0.0401737131178379,-1.0392600297927856,0.3635751265171613,-0.451327421552449,0.3625715434389574,106.0
1652955143.671632,-0.1963357925415039,0.1828570365905761,-0.0004685223102569,0.3157358467578888,0.4326584637165069,-0.8444628715515137,0.7839806079864502,-0.0206606071442365,-0.9704436659812928,0.3577967557761918,-0.4474394323721343,0.3489968232534706,106.0
1652955143.681574,-0.1988014876842498,0.2173755168914795,0.0273630619049072,0.3115334212779999,0.4291493892669678,-0.8478075861930847,0.7418791055679321,-0.0262226201593875,-0.8505993485450745,0.3521418923869956,-0.4435508226001388,0.3366748548838169,106.0
1652955143.6915112,-0.2235603332519531,0.1889564394950866,0.0598753690719604,0.3083381950855255,0.4251709878444671,-0.8509742617607117,0.7856082320213318,0.0883649438619613,-0.7680328488349915,0.3476215963976634,-0.4391508033656094,0.3254324529914162,106.0
1652955143.701682,-0.2273885011672973,0.1856630444526672,0.0833859145641326,0.30645951628685,0.4206881821155548,-0.8538758754730225,0.7982967495918274,0.1981188654899597,-0.718384861946106,0.3445850486284172,-0.4342037564581495,0.3147874892204827,106.0
1652955143.7114692,-0.1975250244140625,0.1722033619880676,0.1008566319942474,0.3053741753101349,0.41634002327919,-0.8563921451568604,0.7202829122543335,0.2297955751419067,-0.7007712125778198,0.342526600951618,-0.4294161403202963,0.3046491635099856,106.0
1652955143.721454,-0.1687731146812439,0.1288303136825561,0.1058329939842224,0.3043474555015564,0.4130726754665375,-0.8583377003669739,0.5352634787559509,0.1921719312667846,-0.6835924983024597,0.3407471688061808,-0.4258254536315532,0.2952144367459608,106.0
1652955143.731402,-0.1762771904468536,0.1067045927047729,0.1141111254692077,0.302955687046051,0.4115236401557922,-0.859573245048523,0.3124711811542511,0.1445609927177429,-0.6777369976043701,0.3388548596962604,-0.4241251912860901,0.2866447479449787,106.0
1652955143.7414532,-0.191749632358551,0.0562832355499267,0.1175748407840728,0.3016586899757385,0.4113099873065948,-0.8601314425468445,0.2019801437854766,0.179157018661499,-0.6054261922836304,0.33730924914228,-0.4238907897668559,0.2790869808393067,106.0
1652955143.751304,-0.1823258101940155,0.0460139513015747,0.1009471416473388,0.3011460304260254,0.4113667011260986,-0.8602839112281799,0.1993894279003143,0.2403585910797119,-0.5184553265571594,0.3367231310723598,-0.4239530067956363,0.2726177491702549,106.0
1652955143.76125,-0.1238019168376922,0.0811296105384826,0.0991035103797912,0.3014447689056396,0.4107536971569061,-0.8604722619056702,0.2972542643547058,0.2843332886695862,-0.4522642493247986,0.3369641413991906,-0.4232805497537972,0.2667498646407527,106.0
1652955143.771381,-0.0414062440395355,0.1000962257385253,0.117675244808197,0.3023315668106079,0.4084325432777405,-0.8612655997276306,0.5355139970779419,0.3038510680198669,-0.3550314605236053,0.337593675130981,-0.4207361720897384,0.2610942502096476,106.0
1652955143.781186,0.0296953916549682,0.0798083543777465,0.1528188586235046,0.3036328554153442,0.4040811657905578,-0.8628588914871216,0.6940059065818787,0.3017929792404175,-0.3100800514221191,0.3383590418146887,-0.4159740982159902,0.2555161091443777,106.0
1652955143.7911692,0.0772093832492828,0.0116775631904602,0.1744771897792816,0.3045960366725921,0.398887038230896,-0.8649337291717529,0.7210700511932373,0.2007760554552078,-0.3297498822212219,0.3385988066296136,-0.4103028128090286,0.2497179969808551,106.0
1652955143.8010678,0.0623908638954162,-0.0431227087974548,0.1413189172744751,0.3042930960655212,0.3942340314388275,-0.8671708106994629,0.5904756188392639,0.0678309053182601,-0.3814146518707275,0.3374792986935341,-0.4052342279483876,0.2437011275594273,106.0
1652955143.8110862,-0.0394171476364135,-0.0922634005546569,0.0884084105491638,0.3035315573215484,0.3911295533180237,-0.8688418865203857,0.3979178965091705,0.1463145166635513,-0.4072105884552002,0.3360973030243236,-0.4018586092371786,0.237894949867191,106.0
1652955143.821099,-0.159494012594223,-0.1147791147232055,0.0748986005783081,0.3042083978652954,0.3898078203201294,-0.8691990971565247,0.2164579629898071,0.4049475789070129,-0.4235818982124328,0.3366632446241503,-0.4004229066265025,0.2325300568086755,106.0
1652955143.831011,-0.1673331558704376,-0.1061770915985107,0.1186482012271881,0.3072715103626251,0.3894542157649994,-0.8682796955108643,0.1548949927091598,0.627524197101593,-0.3638218939304352,0.3401320215603497,-0.4000389561746527,0.227831694207189,106.0
1652955143.841223,-0.0561024844646453,-0.0700001120567321,0.1707983911037445,0.3113972842693329,0.3891381323337555,-0.866950511932373,0.156469315290451,0.5883669853210449,-0.2810070216655731,0.3448355914723878,-0.399695788077478,0.2240077783197925,106.0
1652955143.850912,0.0202007889747619,-0.0419764518737793,0.2123596668243408,0.3149280250072479,0.3884856700897217,-0.8659672141075134,0.1816931962966919,0.453497052192688,-0.2241450548171997,0.3488024750735455,-0.3989876209151586,0.2208695998319336,106.0
1652955143.860951,-0.0061420500278472,-0.0464297533035278,0.24393230676651,0.3176654875278473,0.387201726436615,-0.8655422925949097,0.2672409117221832,0.3847855925559997,-0.2026435285806656,0.3517502788612922,-0.3975946249749901,0.2178845476457006,106.0
1652955143.870846,-0.0870678424835205,-0.0503486990928649,0.2809267342090606,0.3203900158405304,0.3854245841503143,-0.8653311729431152,0.2843059301376343,0.4390949010848999,-0.1932143419981002,0.3546009605728045,-0.3956679277109133,0.2148340184887686,106.0
1652955143.880772,-0.136891096830368,-0.0901978611946106,0.2968435883522033,0.324024885892868,0.3835305273532867,-0.8648191690444946,0.2929854094982147,0.5610389709472656,-0.1548126339912414,0.3584844521909995,-0.3936161459594083,0.2119773553520227,106.0
1652955143.890744,-0.1145260035991668,-0.0935388207435607,0.2547139227390289,0.328774631023407,0.381302922964096,-0.8640111684799194,0.3132350146770477,0.6456281542778015,-0.0871321260929107,0.3636024336727935,-0.3912052828324884,0.2095643321268567,106.0
1652955143.900722,-0.0468946993350982,-0.0495557188987731,0.2229472398757934,0.3341261446475982,0.3790119886398315,-0.8629655838012695,0.2425249814987182,0.6236469149589539,-0.00498634763062,0.3694091912126396,-0.3887283852706222,0.2080023827203855,106.0
1652955143.9107618,0.0047073662281036,-0.0108686089515686,0.2334969341754913,0.3391494154930115,0.3772055506706238,-0.8617967367172241,0.157964289188385,0.5191484689712524,0.0626416951417923,0.3749229556296679,-0.3867771060298651,0.2075329771067769,106.0
1652955143.9206629,-0.0073649585247039,0.0054362416267395,0.2294914722442627,0.3437602519989013,0.3756568431854248,-0.860645592212677,0.1620228141546249,0.4886107742786407,0.1127222552895546,0.3800074782473321,-0.3851054357340079,0.2078279360297037,106.0
1652955143.930581,-0.0482547879219055,0.0274602770805358,0.2106778919696808,0.3484562039375305,0.3740388751029968,-0.8594609498977661,0.0885965302586555,0.4837087094783783,0.1890894472599029,0.3851835574455707,-0.3833602056954755,0.2088177129012049,106.0
1652955143.9407902,-0.1020801961421966,0.0557130575180053,0.2266918420791626,0.3536518514156341,0.3726428747177124,-0.8579438328742981,0.0686639696359634,0.5540299415588379,0.2506528496742248,0.3909865553968051,-0.3818553906749968,0.2106691572477145,106.0
1652955143.9505029,-0.1270243525505066,0.0727964043617248,0.2382285296916961,0.3599039614200592,0.3710548877716064,-0.8560299873352051,0.0582233108580112,0.6377405524253845,0.3598504364490509,0.3979967161777727,-0.3801447534895787,0.2133968996386162,106.0
1652955143.9604568,-0.1165205836296081,0.0970072150230407,0.2458190023899078,0.3670240938663482,0.3689728379249573,-0.853904128074646,0.0718564316630363,0.6812875270843506,0.463449627161026,0.4059451714918121,-0.3779036412546898,0.2171628098000897,106.0
1652955143.9704242,-0.0844809710979461,0.0904551148414611,0.2559663653373718,0.374657392501831,0.3665616810321808,-0.8516244888305664,0.0602333322167396,0.6630629897117615,0.539911150932312,0.4144504123361584,-0.3753107805604465,0.2218595185835067,106.0
1652955143.980368,-0.057221233844757,0.0819013118743896,0.2538815140724182,0.3818977773189544,0.3639163374900818,-0.8495404720306396,0.0517893806099891,0.5544406771659851,0.5994178056716919,0.4224667743343689,-0.3724691021200493,0.227210581413796,106.0
1652955143.990335,-0.0876539349555969,0.059148371219635,0.265808641910553,0.3886488378047943,0.3610681891441345,-0.8476920127868652,0.081716388463974,0.5340339541435242,0.6373422741889954,0.4298824846896605,-0.3694131001999585,0.2329655303229616,106.0
1652955144.000289,-0.1500118970870971,0.0368712544441223,0.2927768528461456,0.3958005011081695,0.357430636882782,-0.8459227681159973,0.1706124395132064,0.606220006942749,0.6923410892486572,0.4376328847296801,-0.3655153527600713,0.2388430108274043,106.0
1652955144.010414,-0.1890413165092468,0.0514319539070129,0.3149047493934631,0.4040834307670593,0.3524841964244842,-0.8440802693367004,0.3197609186172485,0.7537607550621033,0.7707839608192444,0.4464842786641383,-0.3602243448174394,0.244752970654643,106.0
1652955144.020189,-0.1558245420455932,0.0776898860931396,0.2889955937862396,0.4136370420455932,0.3459836542606354,-0.8421399593353271,0.4164658188819885,0.8135901689529419,0.876404345035553,0.4565617204930791,-0.3532869901137686,0.2508951510307272,106.0
1652955144.0301971,-0.0893435776233673,0.1328490972518921,0.2266635298728943,0.4233432412147522,0.3385067284107208,-0.8403533101081848,0.4360312521457672,0.7360138893127441,0.9799981117248536,0.4666575890130054,-0.3453294946343915,0.2576525661586861,106.0
1652955144.040257,-0.0633930265903472,0.1496543288230896,0.1879410743713379,0.4323505461215973,0.3306899070739746,-0.8388785123825073,0.3797647058963775,0.6026116609573364,1.0816586017608645,0.4758845563866182,-0.3370345208490131,0.2653867297870872,106.0
1652955144.0500522,-0.1093123853206634,0.120994746685028,0.1697012782096862,0.4408553540706634,0.3226998448371887,-0.8375627398490906,0.3530321717262268,0.570805549621582,1.1884324550628662,0.4845086459897646,-0.3285805424913529,0.2741986245544252,106.0
1652955144.0600471,-0.1761800646781921,0.0912039279937744,0.1684971749782562,0.4498006701469421,0.3144587576389313,-0.8359395861625671,0.3164847493171692,0.6418198347091675,1.2873142957687378,0.4936439647064846,-0.3198864481272507,0.2840735233199135,106.0
1652955144.070026,-0.1996636390686035,0.0858015418052673,0.1794296205043792,0.4595818817615509,0.3058303892612457,-0.8338178992271423,0.3211775124073028,0.7219916582107544,1.3572348356246948,0.503747003261623,-0.3108104977481139,0.2946573296046971,106.0
1652955144.0801358,-0.1534830331802368,0.0941397547721862,0.1757796704769134,0.4696756899356842,0.296739250421524,-0.8314749598503113,0.322452962398529,0.6941390633583069,1.409956455230713,0.5141883905517909,-0.3012762883033797,0.3056433581470624,106.0
1652955144.08995,-0.1184409856796264,0.1259352564811706,0.151361733675003,0.4792808592319488,0.2874810397624969,-0.8292433023452759,0.2805859446525574,0.616055965423584,1.4392776489257812,0.5240662561322111,-0.2915957998096338,0.3169816437368528,106.0
1652955144.0999088,-0.1401393711566925,0.1527374982833862,0.1227374374866485,0.4883144199848175,0.2781262099742889,-0.827160656452179,0.3056600689888,0.5965008735656738,1.4705042839050293,0.533293807914942,-0.2818427954241606,0.328520207098902,106.0
1652955144.109867,-0.1792161464691162,0.1808204054832458,0.1224651634693145,0.4974229335784912,0.2680835425853729,-0.8250464200973511,0.3631095290184021,0.6343140006065369,1.4981178045272827,0.5425512900037067,-0.2714031985367287,0.3399347235772326,106.0
1652955144.119856,-0.1860794425010681,0.2047269940376281,0.1586883664131164,0.5066360831260681,0.2572357058525085,-0.8228910565376282,0.4390648603439331,0.6418259739875793,1.546722412109375,0.5518678984305568,-0.2601605620888607,0.3511922041183749,106.0
1652955144.129784,-0.1797255873680114,0.2120412588119506,0.1517025828361511,0.516014039516449,0.2452701032161712,-0.8207143545150757,0.5058990120887756,0.6874738931655884,1.6137571334838867,0.5612825798100837,-0.2477982899317127,0.3624069723343728,106.0
1652955144.13984,-0.1511232256889343,0.2189289331436157,0.114354208111763,0.5253908038139343,0.2328290194272995,-0.818385660648346,0.4612959921360016,0.639763355255127,1.6499546766281128,0.5707196895759055,-0.2349856417535674,0.3739015811603593,106.0
1652955144.149833,-0.1173492670059204,0.2156044244766235,0.0773883610963821,0.5340667963027954,0.220524251461029,-0.8161750435829163,0.3944743573665619,0.5684958100318909,1.6872754096984863,0.5794294262179077,-0.2223519211152438,0.385829959182743,106.0
1652955144.159683,-0.1076620221138,0.2223536968231201,0.0659454762935638,0.5419119596481323,0.2084838449954986,-0.8141657710075378,0.3475808799266815,0.4732153117656708,1.6911568641662598,0.587266512944144,-0.2100244865826329,0.3981324037445277,106.0
1652955144.169615,-0.1275830864906311,0.230078637599945,0.0753097385168075,0.5489239692687988,0.1966324001550674,-0.8124150037765503,0.293412983417511,0.4154846370220184,1.7273399829864502,0.5942094187760566,-0.1979220797537233,0.4107347460621244,106.0
1652955144.179586,-0.1852360367774963,0.2264213562011718,0.063419297337532,0.5555973052978516,0.1848869770765304,-0.8106345534324646,0.2319667488336563,0.426531434059143,1.7737128734588623,0.6008502275940332,-0.1859568504823145,0.4239186829271597,106.0
1652955144.189485,-0.2444272637367248,0.2367019653320312,0.0314021706581115,0.5625577569007874,0.1733860373497009,-0.808372437953949,0.1395489275455474,0.5188315510749817,1.8154311180114744,0.6079784767806871,-0.1742667519986961,0.4377773601410979,106.0
1652955144.199538,-0.2345542311668396,0.254380464553833,0.0309513658285141,0.5701865553855896,0.1621944010257721,-0.805344820022583,0.0811405405402183,0.5993009805679321,1.848915457725525,0.6160769225045594,-0.1629140952857422,0.452298759717261,106.0
1652955144.209472,-0.1415785551071167,0.2903837561607361,0.0575881153345108,0.5774458050727844,0.1509842723608017,-0.8023465871810913,0.0830409750342369,0.4702264070510864,1.856841325759888,0.623822948224532,-0.1515638803608006,0.4670521303061074,106.0
1652955144.219838,-0.0804860591888427,0.3217369318008423,0.0853796899318695,0.5831868648529053,0.139428049325943,-0.8002830147743225,0.1164892166852951,0.2944252490997314,1.8677678108215328,0.6297459827716987,-0.1398838005109915,0.4816758506008,106.0
1652955144.229303,-0.1040884256362915,0.3132461905479431,0.0879191756248474,0.587593674659729,0.1272602826356887,-0.7990860342979431,0.1756233721971511,0.1955990940332412,1.896047115325928,0.6340474335511965,-0.1276063112139066,0.4960603059625951,106.0
1652955144.2394562,-0.1697852611541748,0.3025744557380676,0.0591669976711273,0.5913093090057373,0.1147374287247657,-0.7982409000396729,0.1331797689199447,0.1648131608963012,1.934755563735962,0.6375647811498295,-0.1149906802464082,0.51054502612305,106.0
1652955144.249292,-0.2301808595657348,0.2942959666252136,0.0120861381292343,0.5948659181594849,0.1025531515479087,-0.7972561120986938,0.0210625603795051,0.2068535536527633,1.9727517366409304,0.6410270990469372,-0.1027337662993142,0.5257852262332938,106.0
1652955144.2592602,-0.2254927158355713,0.3027132153511047,-0.0412272959947586,0.5985243320465088,0.0913676768541336,-0.79587721824646,-0.1609053164720535,0.2175707072019577,1.963487982749939,0.6447996641912236,-0.0914952804348077,0.5419756269356707,106.0
1652955144.269212,-0.1751065850257873,0.3581225275993347,-0.0600993484258651,0.6015134453773499,0.0816752836108207,-0.7946764826774597,-0.295159250497818,0.1082308962941169,1.9060337543487549,0.6479207656569378,-0.0817663612239388,0.5588497837586978,106.0
1652955144.279162,-0.1383512020111084,0.3937267661094665,-0.0194471701979637,0.6033932566642761,0.0727613866329193,-0.7941173315048218,-0.2771785259246826,0.0011521191336214,1.856897473335266,0.6497619555725005,-0.072825743229873,0.5755985079405848,106.0
1652955144.289242,-0.1355512738227844,0.4227060079574585,0.05486960709095,0.6042706966400146,0.0633402317762374,-0.794257402420044,-0.122258186340332,-0.1010602638125419,1.8150714635849,0.6503770810688381,-0.0633826585609545,0.5914365437108435,106.0
1652955144.299076,-0.1570563912391662,0.4189624190330505,0.0999233573675155,0.604123592376709,0.0528323985636234,-0.7951372861862183,0.0180424023419618,-0.1933450400829315,1.813560009002685,0.6497263449273778,-0.0528570059313016,0.6061087754312431,106.0
1652955144.30905,-0.1948126554489135,0.3740602135658264,0.0628062933683395,0.6034278273582458,0.0413044281303882,-0.7963471412658691,0.1007615178823471,-0.2035726457834243,1.850507140159607,0.6484392898877487,-0.0413161811411103,0.6202770455643347,106.0
1652955144.319196,-0.2082778811454773,0.3739957213401794,-0.0298479814082384,0.6023513078689575,0.0294817704707384,-0.7976864576339722,0.0449627637863159,-0.2459801733493805,1.8715227842330933,0.6467717175809374,-0.0294860425979442,0.6346130677587853,106.0
1652955144.329155,-0.1849352121353149,0.4200889468193054,-0.0759245604276657,0.6004472970962524,0.0183836780488491,-0.7994529604911804,-0.0499136820435524,-0.3478900492191314,1.8570828437805176,0.6441872733646656,-0.0183847141664739,0.6495023348967693,106.0
1652955144.3390012,-0.1348042488098144,0.4435902237892151,-0.0571263432502746,0.597282886505127,0.0082066729664802,-0.8019886612892151,-0.168097048997879,-0.5403145551681519,1.8385714292526243,0.6401341217278872,-0.008206765200371,0.6648223512579003,106.0
1652955144.34896,-0.1036170721054077,0.4153997302055359,-0.0483131110668182,0.5919440388679504,-0.0004692414950113,-0.8059788942337036,-0.3692866265773773,-0.8098129034042358,1.852860927581787,0.6334688355352294,0.0004692415248412,0.6811756264321678,106.0
1652955144.3588572,-0.1781715750694275,0.3444293141365051,-0.1341029703617096,0.58516925573349,-0.0076359170489013,-0.8108752369880676,-0.515347421169281,-0.8315190076828003,1.8244316577911377,0.62510979585338,0.007635991366769,0.6986412065386656,106.0
1652955144.368904,-0.2641782760620117,0.3507168889045715,-0.1927022933959961,0.5786466002464294,-0.0133523885160684,-0.8154690265655518,-0.6269397139549255,-0.7393624186515808,1.752687692642212,0.6171315852101569,0.0133527854939053,0.7163836901424893,106.0
1652955144.3785748,-0.2575576305389404,0.4210523962974548,-0.1282816529273986,0.5726516246795654,-0.0182027239352464,-0.8195966482162476,-0.5913630723953247,-0.6697465777397156,1.7370659112930298,0.6098524935263192,0.0182037286377141,0.734190815498609,106.0
1652955144.388538,-0.1383005380630493,0.424128770828247,-0.0338103398680686,0.5665842294692993,-0.024157790467143,-0.8236496448516846,-0.35429647564888,-0.7714490294456482,1.7303746938705444,0.6025553159239746,0.0241601400893266,0.7510780790966082,106.0
1652955144.3985028,-0.0169434547424316,0.4378547668457031,-0.0011048316955566,0.5583558082580566,-0.0316252782940864,-0.8289985656738281,-0.1908127516508102,-1.1246103048324585,1.7105761766433716,0.5927394553700899,0.0316305511528845,0.7667552112081935,106.0
1652955144.409429,-0.0366171598434448,0.3458992838859558,-0.0607798211276531,0.54742032289505,-0.0399281792342662,-0.8359047174453735,-0.0667537078261375,-1.3286083936691284,1.6930923461914062,0.5798007090182662,0.0399387973710558,0.781585608389511,106.0
1652955144.418972,-0.1707690954208374,0.2362416386604309,-0.1432081460952758,0.5355303883552551,-0.0481065474450588,-0.8431446552276611,-0.1327804028987884,-1.3398128747940063,1.5916359424591064,0.5658709001973429,0.0481251220659328,0.7958444473093761,106.0
1652955144.428783,-0.2794352173805237,0.1836339235305786,-0.1733198463916778,0.5235758423805237,-0.0540971495211124,-0.8502598404884338,-0.3684163689613342,-1.3074562549591064,1.4826176166534424,0.5519441238344541,0.0541235685179875,0.8100973382219049,106.0
1652955144.4386811,-0.3219760060310364,0.1462653279304504,-0.2393562942743301,0.5120089650154114,-0.0573203414678573,-0.8570654392242432,-0.6405143737792969,-1.2275360822677612,1.4259755611419678,0.5385038961886455,0.0573517753730932,0.8250341645123302,106.0
1652955144.448484,-0.3266479969024658,0.1880243420600891,-0.3313965201377868,0.5011170506477356,-0.0576873384416103,-0.8634546399116516,-0.9178764224052428,-1.120361328125,1.393083930015564,0.5258553063125038,0.0577193814716286,0.8410857116193524,106.0
1652955144.45846,-0.2832113802433014,0.2681949138641357,-0.3307874798774719,0.4912955164909363,-0.0562059357762336,-0.869177520275116,-0.9842308759689332,-0.9849756360054016,1.3916499614715576,0.5144698539595434,0.0562355724499719,0.8579325942924136,106.0
1652955144.4684072,-0.1334803700447082,0.3255021572113037,-0.1938296556472778,0.4813502728939056,-0.0549649149179458,-0.8748033046722412,-0.841834545135498,-1.1851806640625,1.390472650527954,0.5030261400674513,0.0549926297834807,0.8745039820852788,106.0
1652955144.478359,-0.0218815207481384,0.3353882431983948,-0.0516722723841667,0.4686588943004608,-0.0552002973854541,-0.8816528916358948,-0.5743366479873657,-1.5210474729537964,1.3569211959838867,0.4885823020669412,0.0552283700318012,0.89001377743914,106.0
1652955144.488347,-0.0889173746109008,0.2543766498565674,-0.0370703861117363,0.4537855386734009,-0.0568627193570137,-0.8892948031425476,-0.439747154712677,-1.6687980890274048,1.2229453325271606,0.4718343351492328,0.0568934057862767,0.9037017041430052,106.0
1652955144.498427,-0.2479691505432129,0.1104009747505188,-0.1468072235584259,0.4383073151111603,-0.057858906686306,-0.8969610333442688,-0.5108223557472229,-1.63751220703125,1.095980525016785,0.4545330312810153,0.0578912388158388,0.9160877439813728,106.0
1652955144.508248,-0.3684135973453522,0.0713136792182922,-0.3154800534248352,0.4236504137516022,-0.0564987026154994,-0.904062032699585,-0.7961795330047607,-1.4922865629196167,0.9607387781143188,0.4382198698823211,0.0565288038748453,0.9280773725434768,106.0
1652955144.518222,-0.382009893655777,0.0911722183227539,-0.4176125526428222,0.4106048941612243,-0.0518088452517986,-0.9103403091430664,-1.0964962244033811,-1.270607590675354,0.927213191986084,0.4237230180129748,0.0518320522807891,0.940540530714418,106.0
1652955144.528156,-0.2452802062034607,0.0956671237945556,-0.460619568824768,0.3988752067089081,-0.0446294695138931,-0.9159185290336608,-1.296682596206665,-1.2667454481124878,0.9049587845802308,0.4107237912391296,0.0446442986938594,0.953779709213408,106.0
1652955144.53823,-0.0715541839599609,0.2169832587242126,-0.4379752576351166,0.3855800926685333,-0.035260833799839,-0.9220003485679626,-1.475265383720398,-1.5780260562896729,0.8072001934051514,0.3960964954086024,0.0352681441834965,0.9670728686802016,106.0
1652955144.548075,-0.0355899333953857,0.246662437915802,-0.3384431600570678,0.3699405193328857,-0.0245786979794502,-0.9287302494049072,-1.3935006856918335,-1.7441059350967407,0.6628608703613281,0.3790653314566828,0.024581172681919,0.9793583474759724,106.0
1652955144.558028,-0.07819265127182,0.1653909087181091,-0.2432756572961807,0.3532476127147674,-0.0149488430470228,-0.9354103803634644,-1.1503108739852903,-1.8461666107177732,0.5138707160949707,0.3610824677498355,0.0149493996308119,0.9893753604116732,106.0
1652955144.568174,-0.1302131414413452,0.107651948928833,-0.1989271938800811,0.3353675901889801,-0.0067002587020397,-0.9420635104179382,-0.9270003437995912,-1.948776125907898,0.3641829788684845,0.3420033737850908,0.006700308815216,0.997066036775491,106.0
1652955144.577956,-0.2214309573173523,0.0519217252731323,-0.2430097758769989,0.3171493709087372,0.0001051000872394,-0.9483755826950072,-0.7324653267860413,-1.9076818227767944,0.1778744310140609,0.3227221682265416,-0.0001051000903007,1.0023300963579973,106.0
1652955144.5879378,-0.3142091333866119,0.0619166493415832,-0.2755864560604095,0.2994233965873718,0.0065282243303954,-0.9540979862213136,-0.6873641610145569,-1.832095503807068,-0.0063883494585752,0.3040949530434977,-0.0065282706828214,1.0052237015258068,106.0
1652955144.5978022,-0.3405241668224334,0.0537337064743042,-0.314381331205368,0.2826170623302459,0.0130202425643801,-0.959144413471222,-0.6648635268211365,-1.6909302473068235,-0.0312711000442504,0.2865462962001205,-0.0130206105165162,1.0069198839782068,106.0
1652955144.6078238,-0.2924365997314453,0.0402054190635681,-0.387904405593872,0.2664661407470703,0.0199997313320636,-0.9636367559432985,-0.7948196530342102,-1.7051531076431274,-0.0378251411020755,0.2697800602270405,-0.0200010640010301,1.0086035586648912,106.0
1652955144.617825,-0.2363437414169311,0.093708336353302,-0.4202288687229156,0.2495884001255035,0.0285815075039863,-0.9679301381111144,-0.957001268863678,-1.791876196861267,-0.0738225951790809,0.2523605232607635,-0.0285854003824059,1.010346782562535,106.0
1652955144.627757,-0.1957810670137405,0.0691170096397399,-0.3731004893779754,0.2317613363265991,0.0381242707371711,-0.9720253348350524,-0.9454697370529176,-1.9082632064819336,-0.1470126509666443,0.2340612567502877,-0.0381335136948133,1.011577452136312,106.0
1652955144.6379728,-0.1911917030811309,0.0391335487365722,-0.2949235141277313,0.2124167084693908,0.047517504543066,-0.9760231971740724,-0.896868109703064,-2.041656494140625,-0.1989781409502029,0.2142932768501904,-0.047535405362639,1.011936113829346,106.0
1652955144.64769,-0.2334153056144714,-0.0543523430824279,-0.2598900198936462,0.19255231320858,0.0559562742710113,-0.9796900153160096,-0.7323166728019714,-2.006168842315674,-0.3035442531108856,0.1940703999516932,-0.0559855151168074,1.0111995712239568,106.0
1652955144.6576371,-0.2708096504211426,-0.0947168469429016,-0.2630276679992676,0.1728482544422149,0.0631832703948021,-0.9829198122024536,-0.617201030254364,-1.976004958152771,-0.4654673635959625,0.1740720674066184,-0.0632253871654112,1.0086396559891937,106.0
1652955144.667593,-0.277986079454422,-0.1132394671440124,-0.2807866334915161,0.1535049229860305,0.0693150609731674,-0.9857137799263,-0.4544994533061981,-1.894147276878357,-0.5852541923522949,0.1544888094227802,-0.0693706899648565,1.004351436748346,106.0
1652955144.6775432,-0.2668337225914001,-0.1271941661834716,-0.3364566266536712,0.1346621364355087,0.0743106082081794,-0.9881012439727784,-0.3981397449970245,-1.856329083442688,-0.691024124622345,0.1354492755266839,-0.0743791733489014,0.9986861858000584,106.0
1652955144.687515,-0.2731287777423858,-0.0815691351890564,-0.3845209181308746,0.1160243228077888,0.0793603807687759,-0.9900708794593812,-0.4452659785747528,-1.8027689456939695,-0.8001602292060852,0.1166558323345496,-0.079443918607461,0.9918014224229114,106.0
1652955144.697458,-0.271470844745636,-0.0815155506134033,-0.4062710702419281,0.0978716388344764,0.0850430279970169,-0.9915587902069092,-0.5358015298843384,-1.7525020837783811,-0.8777418732643127,0.0983861394147397,-0.0851458696170847,0.9839523746935352,106.0
1652955144.77054,-0.2461378574371338,-0.1007337570190429,-0.3950072526931762,0.0799391791224479,0.0915251821279525,-0.992588996887207,-0.6031443476676941,-1.7122197151184082,-0.8787605166435242,0.0803625848761471,-0.0916534477338545,0.9757065217101862,106.0
1652955144.770875,-0.193985179066658,-0.1708981394767761,-0.3718095421791076,0.0619509331882,0.0981583893299102,-0.9932406544685364,-0.6123062968254089,-1.779685378074646,-0.93825763463974,0.0622918369170379,-0.098316701724154,0.9671529992462298,106.0
1652955144.777296,-0.3998302221298218,-0.2942538857460022,-0.4120877087116241,-0.0575976967811584,0.1245815902948379,-0.9905362129211426,-0.6102724075317383,-1.5595226287841797,-1.5563557147979736,-0.0580825965306905,-0.1249061280610284,0.8893223600575013,106.0
1652955144.787086,-0.3661303222179413,-0.3224023580551147,-0.424520879983902,-0.073612667620182,0.1300567537546157,-0.9887701272964478,-0.6997098922729492,-1.3242371082305908,-1.569204568862915,-0.0743116262283442,-0.1304262146476552,0.8732309649501432,106.0
1652955144.79961,-0.2523200511932373,-0.3060271143913269,-0.4002294838428497,-0.0887748673558235,0.1358556896448135,-0.9867432713508606,-0.7376114130020142,-1.3574670553207395,-1.6033304929733276,-0.0897259814218494,-0.1362771051268651,0.8567547169488077,106.0
1652955144.807186,-0.1894619464874267,-0.3128782510757446,-0.3276198804378509,-0.1048647761344909,0.1413253098726272,-0.9843934774398804,-0.6897035241127014,-1.4479583501815796,-1.715000867843628,-0.106127055779446,-0.1418000322574759,0.8394934049959616,106.0
1652955144.816967,-0.2483232021331787,-0.348114013671875,-0.2605271935462951,-0.1216718479990959,0.1456437557935714,-0.9818267822265624,-0.6070002913475037,-1.4423916339874268,-1.8682934045791624,-0.1232953537982461,-0.1461636423891472,0.8208143591855384,106.0
1652955144.826942,-0.3547267019748688,-0.3880380392074585,-0.2221041470766067,-0.1378727108240127,0.1485873013734817,-0.9792410135269164,-0.5033205151557922,-1.2815231084823608,-1.956786513328552,-0.1398760551929158,-0.14913956314885,0.8009536841424809,106.0
1652955144.836663,-0.4230893850326538,-0.4064828157424927,-0.2261868715286255,-0.1521821469068527,0.1504574865102768,-0.9768332242965698,-0.4782584905624389,-1.04875648021698,-1.9887478351593015,-0.154548969343904,-0.1510310164695021,0.7805977238726405,106.0
1652955144.846941,-0.4186452329158783,-0.380167007446289,-0.2536380589008331,-0.164255678653717,0.1521365642547607,-0.9746150374412536,-0.516961395740509,-0.8198122382164001,-1.961455225944519,-0.1669648985798252,-0.1527296462086227,0.7600982456664078,106.0
1652955144.856668,-0.3278129994869232,-0.3723524808883667,-0.2593831717967987,-0.1745672971010208,0.1542958766222,-0.9724808931350708,-0.5990194082260132,-0.7218428254127502,-1.9465134143829343,-0.1776155343515017,-0.1549147507151998,0.7397525186910292,106.0
1652955144.8666558,-0.219361200928688,-0.3483834862709045,-0.2310512214899063,-0.1849966496229171,0.1567409187555313,-0.9701589941978456,-0.6335685849189758,-0.8135367631912231,-1.9742436408996584,-0.1884248559810088,-0.1573899081901205,0.7191805734356017,106.0
1652955144.876654,-0.185528352856636,-0.3507668972015381,-0.1873574703931808,-0.1963075250387191,0.1592049896717071,-0.967531442642212,-0.668441653251648,-0.8684297204017639,-2.027963876724243,-0.2001778848346214,-0.159885326661575,0.6981389137867776,106.0
1652955144.886492,-0.2481121122837066,-0.3666979074478149,-0.1839905530214309,-0.2076983600854873,0.1618653088808059,-0.9647077322006226,-0.7478797435760498,-0.8029960989952087,-2.090510845184326,-0.2120596965277126,-0.1625805999503879,0.6763025102060259,106.0
1652955144.896751,-0.3166330754756927,-0.3785029649734497,-0.2163093388080597,-0.2180043011903762,0.1648719608783722,-0.96192067861557,-0.8180474638938904,-0.6229735016822815,-2.1157102584838867,-0.2228695313034394,-0.1656282006503618,0.6538019712856138,106.0
1652955144.906383,-0.3307185769081116,-0.3626778125762939,-0.1838965564966201,-0.2266849130392074,0.1684088855981826,-0.9592978358268738,-0.8876762986183167,-0.460284948348999,-2.1282098293304443,-0.2320463552230017,-0.1692152709217141,0.6309798096860982,106.0
1652955144.916559,-0.3049259185791015,-0.3396121859550476,-0.1061858981847763,-0.2341365069150924,0.1715850532054901,-0.9569423198699952,-0.8164129853248596,-0.343218058347702,-2.1535627841949463,-0.2399573422861689,-0.1724383617802299,0.6079322193115445,106.0
1652955144.926373,-0.258387804031372,-0.3529987335205078,-0.0142420977354049,-0.2407728880643844,0.1738032698631286,-0.9548931121826172,-0.7303038835525513,-0.268690288066864,-2.2148337364196777,-0.2469978146351558,-0.1746904059179128,0.5846060015407157,106.0
1652955144.936451,-0.2205574512481689,-0.3471832275390625,0.040806621313095,-0.2471396178007125,0.1744033396244049,-0.953155517578125,-0.5758684873580933,-0.2560473382472992,-2.271352052688598,-0.2536988943895359,-0.1752997929634382,0.5609727446309352,106.0
1652955144.946252,-0.2041743993759155,-0.347765564918518,0.0746899247169494,-0.2535434365272522,0.173555314540863,-0.9516271948814392,-0.4767419099807739,-0.2482014149427414,-2.291337013244629,-0.2603827968178491,-0.1744386311242687,0.5372800846696414,106.0
1652955144.956366,-0.2297599017620086,-0.36012864112854,0.0780677795410156,-0.259635180234909,0.1717491298913955,-0.9503114223480223,-0.3979934155941009,-0.1953882575035095,-2.277551651000977,-0.266701878423458,-0.1726049101836465,0.5138431930188339,106.0
1652955144.966537,-0.2808949947357178,-0.3150666952133178,0.0807841718196868,-0.2647744715213775,0.1696125566959381,-0.9492766261100768,-0.4186574220657348,-0.0612032935023307,-2.261651039123535,-0.272009141586738,-0.1704365116016621,0.4906481314714653,106.0
1652955144.976377,-0.2993110418319702,-0.3139283061027527,0.110950767993927,-0.2683921456336975,0.1679646372795105,-0.9485533833503724,-0.4983187317848205,0.0810707062482833,-2.2045788764953613,-0.2757411351780428,-0.1687646088771116,0.4676598707598228,106.0
1652955144.986493,-0.2763751745223999,-0.3009291291236877,0.1519524455070495,-0.2708354294300079,0.1673224717378616,-0.9479722380638124,-0.6039894819259644,0.1678388863801956,-2.1483800411224365,-0.2782862310160366,-0.1681132232295948,0.4449737133977482,106.0
1652955144.996278,-0.2412087321281433,-0.2766012549400329,0.180482804775238,-0.2724020481109619,0.1676007062196731,-0.9474740624427797,-0.6677037477493286,0.2446008920669555,-2.090672016143799,-0.2799529805142238,-0.1683954408987978,0.4226119369362231,106.0
1652955145.00638,-0.2041478753089904,-0.2285255789756775,0.2243635505437851,-0.2733148038387298,0.1683824211359024,-0.9470725059509276,-0.674628734588623,0.292610228061676,-2.034942865371704,-0.2809554683869047,-0.1691884258188401,0.4006868331326782,106.0
1652955145.0162292,-0.1730548739433288,-0.1875754594802856,0.2846273481845855,-0.2736766338348388,0.1688486188650131,-0.9468849897384644,-0.5794694423675537,0.339118093252182,-1.9716286659240725,-0.2813609390015256,-0.1696613934095491,0.3794964287285436,106.0
1652955145.02653,-0.1494757235050201,-0.1640910506248474,0.350027322769165,-0.2736198902130127,0.1684205383062362,-0.9469776153564452,-0.4671250879764557,0.3625632226467132,-1.938039302825928,-0.2812795483650115,-0.1692270951941646,0.359050665465923,106.0
1652955145.0361938,-0.1551010608673095,-0.1424342989921569,0.383943498134613,-0.2732283473014831,0.1670513898134231,-0.9473331570625304,-0.341305524110794,0.4095745980739593,-1.8782908916473389,-0.2807979232415479,-0.167838273818232,0.3393487187234121,106.0
1652955145.046108,-0.1683995723724365,-0.1050619482994079,0.3941189050674438,-0.2721216082572937,0.1648410558700561,-0.948038637638092,-0.2869299054145813,0.478482037782669,-1.848026752471924,-0.2795215723193985,-0.1655968604512742,0.3204487718430601,106.0
1652955145.055972,-0.1395867466926574,-0.0663602352142334,0.4223194420337677,-0.2704779207706451,0.1626720279455185,-0.948883295059204,-0.2909497916698456,0.4923343360424042,-1.7996578216552734,-0.2776841591941437,-0.1633981574802018,0.3019132517967143,106.0
1652955145.066109,-0.090754210948944,-0.0374213457107543,0.4355983734130859,-0.2688190937042236,0.1608219295740127,-0.9496697187423706,-0.318863183259964,0.4541491568088531,-1.7001078128814695,-0.2758494189796253,-0.1615233712063414,0.2840687669560493,106.0
1652955145.076256,-0.0607205629348754,-0.0085065960884094,0.4255053997039795,-0.2674196362495422,0.1597302407026291,-0.9502488970756532,-0.3665024042129516,0.3981142342090606,-1.5682998895645142,-0.2743255497671839,-0.1604173744363962,0.2672390900501479,106.0
1652955145.08612,-0.0580762028694152,0.0160618424415588,0.4284193515777588,-0.2662187814712524,0.1593644767999649,-0.9506474137306212,-0.3971844017505646,0.3678492605686188,-1.437588453292847,-0.2730452960254323,-0.1600468751772173,0.2515627663548427,106.0
1652955145.095916,-0.0724669992923736,0.0548055768013,0.4812612533569336,-0.264920026063919,0.1594247967004776,-0.9510000348091124,-0.3764751553535461,0.3754848837852478,-1.3166745901107788,-0.2716821147485751,-0.1601079752869796,0.2371295777018424,106.0
1652955145.105862,-0.0667102932929992,0.0926277637481689,0.5594743490219116,-0.263230413198471,0.1592451184988021,-0.9514992237091064,-0.2784074246883392,0.3948433995246887,-1.1858699321746826,-0.2698977581514525,-0.1599259620144976,0.2241054447411642,106.0
1652955145.1158051,-0.0377973914146423,0.1252931952476501,0.61906898021698,-0.2613206207752228,0.1584884524345398,-0.9521517157554626,-0.1729992628097534,0.3836537301540375,-1.0727030038833618,-0.2678573129076713,-0.159159564255111,0.21252742454862,106.0
1652955145.125682,-0.0126909911632537,0.1546989679336547,0.6346234083175659,-0.2592816054821014,0.1569568216800689,-0.9529625177383424,-0.0639284327626228,0.3812965750694275,-0.9668130874633788,-0.2656490475972669,-0.1576085278303612,0.2022943953241268,106.0
1652955145.135867,0.0084312260150909,0.179705798625946,0.6216590404510498,-0.2571189105510711,0.1548607796430587,-0.9538909792900084,0.0095115639269351,0.3681965470314026,-0.8453162312507629,-0.2632900268885391,-0.1554865323953206,0.193419836815531,106.0
1652955145.145811,0.0227774679660797,0.1842703819274902,0.5776988863945007,-0.2548788487911224,0.1528003960847854,-0.9548239707946776,-0.0090394839644432,0.3543361127376556,-0.703949511051178,-0.2608557453891593,-0.1534013303364733,0.185911761161589,106.0
1652955145.155725,0.0340325236320495,0.1646896004676818,0.5072035193443298,-0.2523552179336548,0.1517625600099563,-0.9556594491004944,-0.1142406016588211,0.3749572932720184,-0.5460911393165588,-0.258170900870126,-0.1523512397219387,0.1797059203307321,106.0
1652955145.1656342,0.0645797252655029,0.1812589764595031,0.4504933953285217,-0.2496382594108581,0.1522288024425506,-0.9562986493110656,-0.2372810542583465,0.3418344855308532,-0.4320924282073974,-0.2553478930872461,-0.1528229732541901,0.1745186290776225,106.0
1652955145.1755009,0.1190588921308517,0.2149685025215149,0.4599244594573974,-0.2474462538957595,0.15376877784729,-0.9566219449043274,-0.2675599157810211,0.2394541651010513,-0.3491069376468658,-0.2531188005430855,-0.1543812853212084,0.1700268063796211,106.0
1652955145.1855311,0.1483946293592453,0.2343232035636901,0.5127246379852295,-0.2461423426866531,0.1552441269159317,-0.9567200541496276,-0.1937844902276992,0.1323037445545196,-0.2588715851306915,-0.2518160733098853,-0.155874573299123,0.1664548388288211,106.0
1652955145.1954951,0.1334198713302612,0.2317342758178711,0.537416934967041,-0.2455108612775802,0.1558356583118438,-0.9567860960960388,-0.0363741032779216,0.077352724969387,-0.1765157133340835,-0.2511802692240713,-0.1564733936209621,0.164030556444619,106.0
1652955145.205379,0.0944331437349319,0.2225432991981506,0.5149575471878052,-0.2451288849115371,0.1554373800754547,-0.9569488167762756,0.0291327349841594,0.0453718863427639,-0.1061680540442466,-0.2507647915469237,-0.1560701963357868,0.1626677609981102,106.0
1652955145.215396,0.0717196464538574,0.1716188788414001,0.4591971039772033,-0.2447847574949264,0.1550759673118591,-0.9570955634117126,0.0094612967222929,0.0410604961216449,-0.0035287616774439,-0.2503904948263379,-0.1557043464140663,0.1621857747460197,106.0
1652955145.2254329,0.0635966360569,0.1418051719665527,0.3806672394275665,-0.2444132268428802,0.1556486934423446,-0.9570975303649902,-0.1288798004388809,0.0201703906059265,0.0730317905545234,-0.2500256101368286,-0.1562841156013134,0.1623925106251063,106.0
1652955145.235414,0.0712785869836807,0.1317639946937561,0.3427141904830932,-0.2441605776548385,0.1580029875040054,-0.956776201725006,-0.2916158735752105,-0.0015108286170288,0.1506816446781158,-0.2498582278268784,-0.1586679042966799,0.1629312637768351,106.0
1652955145.2452378,0.1011639386415481,0.1014361381530761,0.3390554189682007,-0.2438945919275283,0.1612955629825592,-0.9562944769859314,-0.2844804525375366,-0.0185752995312213,0.232552021741867,-0.2497177558003062,-0.1620032596234321,0.1640683904580185,106.0
1652955145.255157,0.1386450231075287,0.0977367162704467,0.3777478635311126,-0.2439763695001602,0.1642596125602722,-0.9557689428329468,-0.176166296005249,-0.0958668366074562,0.3301876187324524,-0.2499297625216356,-0.1650073765588821,0.1662433092904177,106.0
1652955145.265255,0.1346296966075897,0.0812095403671264,0.4383166432380676,-0.2445539534091949,0.1659772098064422,-0.9553245306015016,-0.0032171476632356,-0.1435784250497818,0.3834194242954254,-0.2506087429552415,-0.1667488779292685,0.1695385409257765,106.0
1652955145.275082,0.0863623917102813,0.0289624333381652,0.461714506149292,-0.2452063411474228,0.1663372963666916,-0.9550946354866028,0.1336966902017593,-0.1262585669755935,0.4535159468650818,-0.2513074867207457,-0.1671140424058607,0.1737768982710004,106.0
1652955145.28516,0.0365476906299591,-0.0298796892166137,0.4087644815444946,-0.2452420890331268,0.1659578084945678,-0.9551514387130736,0.1860099732875824,-0.0630955770611763,0.564903199672699,-0.2513282676611343,-0.1667292113873613,0.1791553760618779,106.0
1652955145.295271,0.0275531113147735,-0.0797948241233825,0.3392882943153381,-0.2447008639574051,0.1662506759166717,-0.9552393555641174,0.0486043728888034,-0.0476464182138443,0.6625738739967346,-0.2507744901026365,-0.1670262091214916,0.1854853814983751,106.0
1652955145.3049722,0.0386931300163269,-0.1264657974243164,0.3050743639469147,-0.2440763562917709,0.1681770086288452,-0.9550619125366212,-0.0770054832100868,-0.0620450638234615,0.7353194355964661,-0.2502054432606854,-0.1689800410713099,0.1922686681264009,106.0
1652955145.315048,0.0242973119020462,-0.1533626317977905,0.3303947746753692,-0.2432456016540527,0.1709785163402557,-0.9547763466835022,-0.1036515459418296,-0.0288904681801795,0.7973171472549438,-0.2494602787006635,-0.1718227202033889,0.1995404651409809,106.0
1652955145.324935,-0.0128543078899383,-0.1618808507919311,0.4168035089969635,-0.2417385280132293,0.1735437959432602,-0.9546962976455688,-0.002442367374897,0.0570734404027462,0.8472276926040649,-0.2479974290220065,-0.1744269402032088,0.207423081455973,106.0
1652955145.335079,-0.036245197057724,-0.1694179773330688,0.4808596670627594,-0.2390995919704437,0.1746731698513031,-0.9551547765731812,0.215368390083313,0.1718990951776504,0.9268678426742554,-0.2452849854352729,-0.1755738325555206,0.2163470822148054,106.0
1652955145.345173,-0.0296669453382492,-0.1714970469474792,0.4946196377277374,-0.235347643494606,0.1741120666265487,-0.9561884999275208,0.3696242868900299,0.2464095503091812,1.0431218147277832,-0.2413339583823729,-0.1750039933275032,0.2267248432663063,106.0
1652955145.354837,-0.0121010243892669,-0.1818406581878662,0.486393392086029,-0.2308951318264007,0.1728473454713821,-0.9575026035308838,0.4232325255870819,0.2810381054878235,1.1595776081085205,-0.2366255282677403,-0.1737197896532525,0.2384681289315785,106.0
1652955145.3651218,-0.0206513553857803,-0.2027021646499633,0.4790354669094085,-0.2260374128818512,0.1717518717050552,-0.9588578343391418,0.3818051815032959,0.2982392013072967,1.2834413051605225,-0.2315094216298716,-0.172607698683842,0.2514505585577394,106.0
1652955145.374722,-0.065378189086914,-0.211198091506958,0.4804065823554992,-0.2205256670713424,0.1713115721940994,-0.960219144821167,0.3397597074508667,0.3839245140552521,1.4086062908172607,-0.225747175820226,-0.1721607659004542,0.2655151049282797,106.0
1652955145.384845,-0.0996460020542144,-0.2009903788566589,0.4652901291847229,-0.2138305008411407,0.171413391828537,-0.9617140889167786,0.3076758086681366,0.4860490262508392,1.5368883609771729,-0.21878414287573,-0.1722641116214027,0.2807645573844076,106.0
1652955145.394834,-0.0960238128900528,-0.1741660237312317,0.4504505395889282,-0.2060238569974899,0.1718944460153579,-0.9633309245109558,0.2935507297515869,0.5665111541748047,1.625845193862915,-0.2106921401500869,-0.1727524166978889,0.297062836253353,106.0
1652955145.404673,-0.0715840458869934,-0.148188829421997,0.4406000971794128,-0.1973825693130493,0.1722386330366134,-0.9650771617889404,0.3474629521369934,0.6342121362686157,1.721616506576538,-0.2017428657316129,-0.1731018209354702,0.3142740428320139,106.0
1652955145.414962,-0.0499194264411926,-0.1218035221099853,0.4446491599082947,-0.1880871057510376,0.1716685891151428,-0.9670331478118896,0.4782108068466186,0.6652482748031616,1.7824891805648804,-0.1921007067984834,-0.1725231513010944,0.3324868104649745,106.0
1652955145.4245749,-0.0367173552513122,-0.0886184573173523,0.4536371529102325,-0.1785840839147567,0.1697759628295898,-0.9691665768623352,0.5978812575340271,0.6674259901046753,1.837344765663147,-0.1822216073160903,-0.170602321292949,0.3514830130462215,106.0
1652955145.434906,-0.0519245862960815,-0.0662317276000976,0.4435391426086426,-0.1689921021461486,0.1667361408472061,-0.9714117050170898,0.6973584890365601,0.6683576107025146,1.9024474620819087,-0.1722417075464842,-0.1675185459711762,0.3712563891711197,106.0
1652955145.444325,-0.0939245223999023,-0.0556877851486206,0.4044520556926727,-0.1592339873313903,0.1630375683307647,-0.9736854434013368,0.7156557440757751,0.6922743916511536,1.9993356466293333,-0.1621024592256743,-0.1637686393152009,0.3918513314608723,106.0
1652955145.454472,-0.1299121677875518,-0.0379122495651245,0.3517323732376098,-0.1490947306156158,0.1593607664108276,-0.975896954536438,0.6849557161331177,0.7219296097755432,2.084113836288452,-0.1516048515978467,-0.1600431053135219,0.4133341921981243,106.0
1652955145.4643478,-0.1383880823850631,0.0068427920341491,0.3123777508735657,-0.1386962085962295,0.156082347035408,-0.9779579043388368,0.6063272356987,0.7263637781143188,2.1452927589416504,-0.1408827347471394,-0.1567231386437427,0.4353978325865966,106.0
1652955145.474476,-0.1293263882398605,0.0574288964271545,0.2991030216217041,-0.1284097582101822,0.1532590538263321,-0.979807436466217,0.5824100971221924,0.7063632011413574,2.179526329040528,-0.1303134258704365,-0.1538654448019746,0.4578303763415506,106.0
1652955145.484174,-0.1260308027267456,0.1142615675926208,0.2966049313545227,-0.1182165741920471,0.1499435603618621,-0.9816016554832458,0.6536211371421814,0.7055123448371887,2.1972339153289795,-0.1198551023515786,-0.1505111881912538,0.4805120210553867,106.0
1652955145.494285,-0.128199815750122,0.1680647134780883,0.3206748962402344,-0.1080824732780456,0.1454200595617294,-0.9834486246109008,0.7892405390739441,0.6993269324302673,2.2211623191833496,-0.1094621952144514,-0.1459375303096506,0.503435617014795,106.0
1652955145.504348,-0.1339727044105529,0.2034876942634582,0.3380753993988037,-0.0981744527816772,0.1391432285308838,-0.9853938221931458,0.956539273262024,0.6680086851119995,2.265700101852417,-0.0993019719609682,-0.1395961725226895,0.5268062319996714,106.0
1652955145.514213,-0.146528959274292,0.2194207310676574,0.3033868372440338,-0.0887309834361076,0.1315191686153412,-0.9873345494270324,0.9921090602874756,0.6278538703918457,2.3243470191955566,-0.0896284409369243,-0.1319013029248858,0.5506799036065214,106.0
1652955145.523847,-0.1674773395061493,0.1916407942771911,0.1975876688957214,-0.0796844735741615,0.1243422701954841,-0.9890345931053162,0.8725230097770691,0.6066647171974182,2.4211556911468506,-0.0803942829190232,-0.1246649304936884,0.5752159250243466,106.0
1652955145.533895,-0.1778161972761154,0.1883144974708557,0.0366497859358787,-0.0707951858639717,0.1185320913791656,-0.9904232621192932,0.6413972973823547,0.594884991645813,2.43898606300354,-0.0713583645192184,-0.11881141806975,0.6002139841726334,106.0
1652955145.5438309,-0.1596137136220932,0.2515991330146789,-0.0439996942877769,-0.0623558387160301,0.1153955683112144,-0.9913604855537416,0.3408936858177185,0.5449427366256714,2.3903729915618896,-0.0628165030213618,-0.1156532220717001,0.6246873693107222,106.0
1652955145.55382,-0.117838904261589,0.2926898002624511,-0.0587368384003639,-0.0545853525400161,0.1139583960175514,-0.9919848442077636,0.245531216263771,0.470326155424118,2.3583531379699707,-0.054970960989097,-0.1142064994442217,0.6486193518596107,106.0
1652955145.563788,-0.0910941883921623,0.341866135597229,-0.0318395569920539,-0.0477302148938179,0.1128026917576789,-0.9924703240394592,0.2485805451869964,0.3828021585941314,2.330816507339477,-0.0480553080782274,-0.1130432961113049,0.6722114639190906,106.0
1652955145.5739322,-0.0970499590039253,0.3866978883743286,0.0036165043711662,-0.0417286679148674,0.1109922602772712,-0.992944836616516,0.3259598016738891,0.31036376953125,2.285557270050049,-0.0420004491908065,-0.1112214253458351,0.6954838350994641,106.0
1652955145.583661,-0.1209461838006973,0.4032835364341736,0.0258961766958236,-0.0364481620490551,0.1083201244473457,-0.9934476613998412,0.3880306184291839,0.2524740993976593,2.247978925704956,-0.0366721104562529,-0.1085330719407391,0.7183221970375561,106.0
1652955145.593801,-0.1402540504932403,0.3947077393531799,-0.0052420496940612,-0.0319565907120704,0.1052176281809806,-0.9939356446266174,0.3723346889019012,0.167245477437973,2.2222137451171875,-0.0321404989156047,-0.1054127403831418,0.740816625940601,106.0
1652955145.603796,-0.1499653905630111,0.3996632099151611,-0.0719137415289878,-0.028608163818717,0.1028738170862197,-0.9942829608917236,0.2256160974502563,0.046925202012062,2.1885085105896,-0.0287647234114944,-0.103056139065138,0.7629868028620964,106.0
1652955145.614017,-0.1398358047008514,0.4049168825149536,-0.1425094306468963,-0.0264849495142698,0.1023635566234588,-0.9943944215774536,0.0063823498785495,-0.0645953118801117,2.1558754444122314,-0.0266279540203014,-0.1025431715517294,0.7847423355286017,106.0
1652955145.623685,-0.10474593937397,0.4026393294334411,-0.213359460234642,-0.0254725124686956,0.1035419479012489,-0.9942988753318788,-0.1225977316498756,-0.1894855797290802,2.1294045448303223,-0.0256129645158327,-0.1037278597532537,0.8061710105512485,106.0
1652955145.6337562,-0.056781105697155,0.4265615940093994,-0.2566984891891479,-0.0260740630328655,0.1060332134366035,-0.994020700454712,-0.2723883688449859,-0.3792813718318939,2.0474884510040283,-0.0262248917083575,-0.1062329124868289,0.8270995255951297,106.0
1652955145.6437469,-0.0305328480899333,0.4440025091171264,-0.2571964859962463,-0.0285949017852544,0.1098881214857101,-0.9935325384140016,-0.3802525103092193,-0.5654008984565735,1.9320114850997925,-0.02877309923102,-0.1101104899375374,0.8469559391021249,106.0
1652955145.653568,-0.0430354289710521,0.4277054071426391,-0.2524086534976959,-0.0327854380011558,0.1144234165549278,-0.9928909540176392,-0.4255375564098358,-0.6984136700630188,1.8195021152496336,-0.0330081862249767,-0.114674585999007,0.8656297417059311,106.0
1652955145.663516,-0.0789396613836288,0.4208604097366333,-0.2390925586223602,-0.0380646772682666,0.1196314692497253,-0.9920883774757384,-0.4941331446170807,-0.7841008901596069,1.701438307762146,-0.0383494214819025,-0.1199186780847207,0.8830954645323968,106.0
1652955145.673479,-0.1113700047135353,0.4273121356964111,-0.2466226518154144,-0.0442390702664852,0.1253610402345657,-0.991124391555786,-0.5248216390609741,-0.8819750547409058,1.6058260202407837,-0.0446056305307682,-0.1256917267845541,0.8994566031852226,106.0
1652955145.683425,-0.1246152520179748,0.4327688217163086,-0.2682498693466186,-0.0515474081039428,0.1316226422786712,-0.9899587631225586,-0.5734965205192566,-1.0264564752578735,1.5158133506774902,-0.0520232765180398,-0.1320056903705513,0.9148654130410836,106.0
1652955145.69341,-0.1287973225116729,0.4056139588356018,-0.2736331224441528,-0.0604116097092628,0.1381960809230804,-0.9885607361793518,-0.5753457546234131,-1.1748363971710205,1.439388394355774,-0.0610347690122386,-0.138639787136963,0.9293815703679172,106.0
1652955145.703399,-0.140044629573822,0.3591829538345337,-0.2697513401508331,-0.0705418586730957,0.1444766521453857,-0.9869905710220336,-0.5138041377067566,-1.2910010814666748,1.3909512758255005,-0.0713503395051666,-0.1449840587598074,0.943203306248902,106.0
1652955145.713496,-0.1638568639755249,0.3232836723327636,-0.2524952888488769,-0.0818400904536247,0.1504444926977157,-0.9852252006530762,-0.4929223656654358,-1.4074931144714355,1.3209832906723022,-0.082877122757734,-0.1510178658524232,0.9564266074802836,106.0
1652955145.723314,-0.1962105333805084,0.2769277691841125,-0.2715209424495697,-0.0938284695148468,0.156210258603096,-0.9832571148872375,-0.4561832249164581,-1.4314905405044556,1.2524635791778564,-0.0951380956001126,-0.1568526333158995,0.9689416848273256,106.0
1652955145.7333589,-0.2085253000259399,0.2639643549919128,-0.321020245552063,-0.1059124991297721,0.162145733833313,-0.9810664057731628,-0.514086902141571,-1.4394917488098145,1.1956095695495603,-0.107540017487413,-0.1628647740085303,0.9807048595376792,106.0
1652955145.743326,-0.1809617280960083,0.2335336804389953,-0.3655323684215545,-0.1180646866559982,0.1686787158250808,-0.9785745739936828,-0.5478776097297668,-1.4413341283798218,1.1439024209976196,-0.120069313545903,-0.1694890251396485,0.9918400325560676,106.0
1652955145.753148,-0.1457429826259613,0.185496985912323,-0.404110848903656,-0.1302274167537689,0.1754273474216461,-0.975841224193573,-0.5636445879936218,-1.4525623321533203,1.055699348449707,-0.1326675757305546,-0.1763398376286915,1.0021955672020788,106.0
1652955145.7632551,-0.1252575516700744,0.165384829044342,-0.4046756625175476,-0.1426714658737182,0.182477131485939,-0.9728036522865297,-0.6049374341964722,-1.4786880016326904,0.9311217069625854,-0.14562193515951,-0.1835052967188641,1.0113349779345495,106.0
1652955145.773112,-0.1340102106332779,0.1386428475379943,-0.3991230726242065,-0.1552505940198898,0.1894978284835815,-0.9695296883583068,-0.5812355279922485,-1.4597340822219849,0.8139931559562683,-0.158781817460845,-0.1906506875334344,1.0191659038189635,106.0
1652955145.783175,-0.157134473323822,0.1339165568351745,-0.3872765302658081,-0.1676793098449707,0.1964500695466995,-0.9660698771476746,-0.6190652251243591,-1.426764726638794,0.7129762172698975,-0.1718563756966701,-0.197736121363427,1.0257938183590058,106.0
1652955145.7929711,-0.1650984585285186,0.131456196308136,-0.3892154991626739,-0.1799332201480865,0.2038364559412002,-0.962327778339386,-0.6707817316055298,-1.4085688591003418,0.629616379737854,-0.1848427183447043,-0.205275059776659,1.0313252073532408,106.0
1652955145.803018,-0.1527842581272125,0.1352909207344055,-0.4121317267417907,-0.1923084557056427,0.211768552660942,-0.958212673664093,-0.7701155543327332,-1.436917781829834,0.543396532535553,-0.1980637040262433,-0.2133842069563102,1.0358388086064794,106.0
1652955145.812963,-0.1330571770668029,0.1409231424331665,-0.3921850323677063,-0.2051843404769897,0.2205694168806076,-0.9535452127456664,-0.8665295243263245,-1.486703634262085,0.4370020925998688,-0.2119486728069367,-0.2223982292100186,1.0390267654669414,106.0
1652955145.8229132,-0.1046649664640426,0.1011539697647094,-0.3707036972045898,-0.21856190264225,0.2294683158397674,-0.948459267616272,-0.8361218571662903,-1.528924584388733,0.3277877271175384,-0.2264851850020602,-0.2315313931872832,1.0409516276889366,106.0
1652955145.832986,-0.0742502659559249,0.0976256132125854,-0.3438241481781006,-0.2327107340097427,0.237928107380867,-0.9429930448532104,-0.8405941128730774,-1.6083089113235474,0.1920087039470672,-0.2419446866602956,-0.2402321416155942,1.0415581733374109,106.0
1652955145.842852,-0.0635491758584976,0.1022379994392395,-0.3211623430252075,-0.2478826344013214,0.2459059655666351,-0.937061607837677,-0.8046254515647888,-1.6971293687820437,0.0474906712770462,-0.2586082451680515,-0.2484542532445247,1.040642473768591,106.0
1652955145.852898,-0.0769402384757995,0.0675090551376342,-0.3077222108840942,-0.2640783488750458,0.2532177865505218,-0.9306682348251344,-0.7804333567619324,-1.7620607614517212,-0.092602826654911,-0.2764839213771889,-0.256005016272001,1.0382551870827703,106.0
1652955145.8627682,-0.1162572503089904,0.0588414669036865,-0.2765954136848449,-0.2808526754379272,0.2600548565387726,-0.923846960067749,-0.7838983535766602,-1.7921584844589231,-0.1750130206346511,-0.2951256431975268,-0.2630789982455139,1.0346301764448085,106.0
1652955145.872712,-0.1617228686809539,0.0337507724761962,-0.2408926486968994,-0.2977039515972137,0.266466349363327,-0.9167158603668212,-0.7485061883926392,-1.7678197622299194,-0.224039152264595,-0.3140062207471388,-0.2697249634840171,1.030289804829703,106.0
1652955145.882632,-0.2021447718143463,0.0044292211532592,-0.2284920811653137,-0.3141820728778839,0.2726052105426788,-0.9093822240829468,-0.7471301555633545,-1.709846019744873,-0.238028198480606,-0.3326509823461054,-0.2760997486807877,1.0255235807704188,106.0
1652955145.892597,-0.2323616445064544,-0.0055872201919555,-0.273296594619751,-0.3298330903053283,0.2785608172416687,-0.9020055532455444,-0.7705909609794617,-1.614527940750122,-0.2575515508651733,-0.350562776475549,-0.2822952979713067,1.0205238360500253,106.0
1652955145.902553,-0.2343319058418274,0.0510827302932739,-0.2885960340499878,-0.3446170091629028,0.2849491536617279,-0.8944512605667114,-0.8585671782493591,-1.521788239479065,-0.3103393912315368,-0.3677554182817971,-0.2889533724222613,1.014792211004878,106.0
1652955145.9125109,-0.2129819989204406,0.0773017406463623,-0.2868443727493286,-0.358902096748352,0.2914067208766937,-0.8867194652557373,-0.8567302823066711,-1.4941740036010742,-0.3384838104248047,-0.3845967922472196,-0.2956970486287427,1.0083672837689808,106.0
1652955145.922605,-0.2003409266471862,0.0656741857528686,-0.2524812817573547,-0.373069018125534,0.2975404262542724,-0.8787998557090759,-0.8295817375183105,-1.4878650903701782,-0.3951782584190368,-0.4014648977914156,-0.3021153739755866,1.0014827607293644,106.0
1652955145.93256,-0.2171500623226165,0.065815269947052,-0.2051421105861663,-0.3872352242469787,0.3025388717651367,-0.870930016040802,-0.7022265791893005,-1.4648852348327637,-0.4740820527076721,-0.4183731510700387,-0.3073552453047661,0.9941161935050415,106.0
1652955145.9425712,-0.2240661680698394,-0.0001132488250732,-0.1597611606121063,-0.4013610184192657,0.305833488702774,-0.8633511066436768,-0.5237281918525696,-1.4382538795471191,-0.5669068098068237,-0.4351650361271027,-0.3108137521920108,0.9864841351204736,106.0
1652955145.952337,-0.2327272295951843,-0.0574145913124084,-0.2015605270862579,-0.4154965579509735,0.3072123229503631,-0.856144368648529,-0.3870198726654053,-1.438239574432373,-0.6162595748901367,-0.4518277781353337,-0.3122623129407876,0.9788901133904442,106.0
1652955145.962317,-0.2112011909484863,-0.0856404304504394,-0.2917702794075012,-0.429652601480484,0.3080971539020538,-0.8488078713417053,-0.4554277062416076,-1.4495556354522705,-0.6279705762863159,-0.4685822317264221,-0.3131922431673339,0.9711560127643012,106.0
1652955145.972298,-0.170685738325119,-0.0661147236824035,-0.3703961670398712,-0.4438008666038513,0.3097271919250488,-0.8408982157707214,-0.619552731513977,-1.441234111785889,-0.6814555525779724,-0.4856160148061114,-0.3149061009918733,0.9625028930212703,106.0
1652955145.982236,-0.1311697363853454,0.0172343254089355,-0.3779294788837433,-0.4582009017467499,0.3124692738056183,-0.8321146965026855,-0.8128681778907776,-1.4839125871658323,-0.7706261873245239,-0.5033392900586225,-0.3177913466953775,0.9522351096226092,106.0
1652955145.992167,-0.121353805065155,0.0113799571990966,-0.3258634209632873,-0.4732811152935028,0.3156552612781524,-0.8224151730537415,-0.9096753001213074,-1.510616421699524,-0.928164839744568,-0.5221927815602493,-0.3211471339117036,0.9400347979430642,106.0
1652955146.002162,-0.1753247678279876,-0.0026221275329589,-0.2706141173839569,-0.4884324967861175,0.317962110042572,-0.8126091957092285,-0.8161714673042297,-1.4158406257629397,-1.083848476409912,-0.5412035931044703,-0.3235792779521855,0.9261992160884682,106.0
1652955146.012169,-0.2326966524124145,-0.0442683100700378,-0.2281528413295745,-0.5030057430267334,0.3180575668811798,-0.8036320805549622,-0.609377920627594,-1.315312385559082,-1.178673267364502,-0.5592573395547128,-0.3236799402136084,0.9121543385952764,106.0
1652955146.02214,-0.2404201030731201,-0.0917178988456726,-0.1906861662864685,-0.5171786546707153,0.316250741481781,-0.7953060865402222,-0.5045817494392395,-1.2796920537948608,-1.2662662267684937,-0.5765782541966632,-0.3217747661507005,0.8982125456956664,106.0
1652955146.0322,-0.236781895160675,-0.1295716166496276,-0.1811043322086334,-0.5315437912940979,0.3135200440883636,-0.7868712544441223,-0.5566700100898743,-1.3385534286499023,-1.337727665901184,-0.5941037499972986,-0.3188977193250904,0.8837949473197699,106.0
1652955146.042069,-0.2484248876571655,-0.1402013897895813,-0.1862780451774597,-0.5464053153991699,0.3114000558853149,-0.7774774432182312,-0.7645773887634277,-1.3994317054748535,-1.379417896270752,-0.6125976746568905,-0.316665997620317,0.8681139700919468,106.0
1652955146.052077,-0.2712276577949524,-0.0976994633674621,-0.2052778303623199,-0.5615206956863403,0.3100751638412475,-0.7671687602996826,-0.8741991519927979,-1.397579550743103,-1.3963050842285156,-0.6318414714117809,-0.3152720956512906,0.8511984315400187,106.0
1652955146.065689,-0.2737671136856079,-0.0815460681915283,-0.1983475983142852,-0.5761778354644775,0.3092179298400879,-0.7565734386444092,-0.954656422138214,-1.351996898651123,-1.3658510446548462,-0.6508600124159972,-0.3143705469663246,0.8338555534704856,106.0
1652955146.072132,-0.2827920317649841,-0.096598744392395,-0.1629216074943542,-0.5902700424194336,0.3083836138248443,-0.7459763884544373,-0.9227250814437866,-1.2917076349258425,-1.348394513130188,-0.669396132406399,-0.3134933746443662,0.8166007958003801,106.0
1652955146.081835,-0.2892284393310547,-0.1511058807373047,-0.1295331120491027,-0.6035632491111755,0.3069623112678528,-0.7358570694923401,-0.8726754784584045,-1.1871665716171265,-1.3641031980514526,-0.6869480213107966,-0.3119995845012234,0.7996848129348854,106.0
1652955146.091793,-0.2934529185295105,-0.1673111319541931,-0.1073643863201141,-0.6160470843315125,0.3046147227287292,-0.7264266610145569,-0.8127199411392212,-1.0692754983901978,-1.4132976531982422,-0.70336166867773,-0.3095338914826341,0.7829377097470216,106.0
1652955146.101753,-0.2778747677803039,-0.1655579209327697,-0.093862384557724,-0.6275511384010315,0.3014123737812042,-0.7178649306297302,-0.7314857840538025,-0.932511568069458,-1.4318827390670776,-0.7183716543105972,-0.3061735764310668,0.7663268541006738,106.0
1652955146.1120892,-0.2454741597175598,-0.1355538368225097,-0.1001384556293487,-0.6379791498184204,0.2970836460590362,-0.7104392647743225,-0.6259381175041199,-0.7963441014289856,-1.447223424911499,-0.7317126846695248,-0.3016369463009705,0.7504551949946775,106.0
1652955146.1215649,-0.2356679439544677,-0.1013469696044921,-0.0806339681148529,-0.64764803647995,0.2921817898750305,-0.7036915421485901,-0.6280774474143982,-0.7562491297721863,-1.4672449827194214,-0.7439493587799999,-0.2965073996055299,0.7348559614657526,106.0
1652955146.131952,-0.2439886331558227,-0.1111653447151184,-0.0588729679584503,-0.6573631763458252,0.2870223522186279,-0.6967723369598389,-0.6975158452987671,-0.7972517609596252,-1.5226707458496094,-0.7563035760595499,-0.2911169499991571,0.7188470060624873,106.0
1652955146.141388,-0.2385005354881286,-0.1023551225662231,-0.0605095326900482,-0.6674289703369141,0.2820824086666107,-0.6891793608665466,-0.8421007394790649,-0.8512713313102722,-1.5701104402542114,-0.7693666143044136,-0.28596396765801,0.7016992636229596,106.0
1652955146.151422,-0.1840764880180359,-0.1062356233596801,-0.111012727022171,-0.6778618693351746,0.2777455151081085,-0.6807059645652771,-1.0105223655700684,-0.9110465049743652,-1.597283124923706,-0.7833047105689608,-0.2814464793445307,0.68327145888778,106.0
1652955146.161413,-0.1289370656013488,-0.1182799935340881,-0.1186140477657318,-0.6886745095252991,0.2744214832782745,-0.6711335182189941,-1.2918344736099243,-0.9741815328598022,-1.6520884037017822,-0.7982970912510579,-0.2779880441914713,0.6630084776762665,106.0
1652955146.171653,-0.1457926630973816,-0.1737374067306518,-0.0418990850448608,-0.6997424960136414,0.2721236944198608,-0.6605369448661804,-1.5021443367004397,-0.9637771844863892,-1.71226704120636,-0.8142118804588012,-0.2755993391633468,0.6404149948420618,106.0
1652955146.181415,-0.1911354660987854,-0.2075326442718505,0.034992516040802,-0.7104604840278625,0.270274817943573,-0.6497672200202942,-1.6066768169403076,-0.9037737250328064,-1.6823315620422363,-0.8299885526886248,-0.2736784744947424,0.6166113385182369,106.0
1652955146.19139,-0.1876114010810852,-0.2205793857574463,0.0824416577816009,-0.7203016877174377,0.269151359796524,-0.6393144726753235,-1.645048975944519,-0.7842251062393188,-1.5840158462524414,-0.8448940862868445,-0.2725117619755148,0.5927069957090181,106.0
1652955146.2391958,-0.1948620080947876,-0.2114434242248535,0.0536934733390808,-0.7287523746490479,0.2682517170906067,-0.6300483345985413,-1.594612956047058,-0.5831114053726196,-1.4752856492996216,-0.8579113572642644,-0.2715777660194278,0.5697141316303727,106.0
1652955146.239573,-0.2176496982574463,-0.1712390184402465,0.0136223435401916,-0.7353073358535767,0.2678260207176208,-0.6225690841674805,-1.5292041301727295,-0.3210732638835907,-1.3062355518341064,-0.868233617990183,-0.2711359184479866,0.5480265673524501,106.0
1652955146.24125,-0.1922360062599182,-0.1400489211082458,-0.0249959826469421,-0.7450960278511047,0.2659017145633697,-0.6116600632667542,-1.2114509344100952,0.170574277639389,-1.204800367355347,-0.8834321592472798,-0.269139184341849,0.4929898743972791,106.0
1652955146.251223,-0.1692794561386108,-0.1596181988716125,-0.028427243232727,-0.7473464608192444,0.2639771699905395,-0.6097452640533447,-1.2008856534957886,0.1671186685562133,-1.2748398780822754,-0.8864470169987138,-0.2671433304060036,0.4752222568108347,106.0
1652955146.261193,-0.1084176898002624,-0.1550052165985107,-0.1127858757972717,-0.7497211694717407,0.2617268860340118,-0.6077969074249268,-1.2829914093017578,0.1720228791236877,-1.3357772827148438,-0.8895666363540115,-0.2648110245539417,0.4568827970152755,106.0
1652955146.271177,-0.0751461386680603,-0.0994608402252197,-0.1876084506511688,-0.7523836493492126,0.2593400180339813,-0.60552579164505,-1.3554257154464722,0.1389587223529815,-1.4396872520446775,-0.8931294388599864,-0.2623387919995866,0.4372927614130253,106.0
1652955146.281044,-0.1055132150650024,-0.0765910148620605,-0.1777941286563873,-0.755479097366333,0.2565905153751373,-0.602837085723877,-1.4417572021484375,0.108905479311943,-1.5315968990325928,-0.8973045724269452,-0.2594929455604946,0.4164168821125545,106.0
1652955146.2908468,-0.1527736783027649,-0.0875327587127685,-0.1532677710056305,-0.7588625550270081,0.2531670331954956,-0.6000282764434814,-1.3764269351959229,0.1001065075397491,-1.61958110332489,-0.9017554162763588,-0.2559525486248865,0.3949147990002924,106.0
1652955146.300784,-0.1904361844062805,-0.0446681976318359,-0.1255878359079361,-0.7624292969703674,0.2487567663192749,-0.5973453521728516,-1.398693561553955,0.0961157605051994,-1.7145185470581057,-0.9062122661835048,-0.2513964665495388,0.3731537689973689,106.0
1652955146.31072,-0.2282177209854126,-0.0415111184120178,-0.0530864000320434,-0.7662127017974854,0.2437754869461059,-0.5945515632629395,-1.3804876804351809,0.0661662742495536,-1.7605010271072388,-0.9108858472203608,-0.246256883793701,0.3508747342236297,106.0
1652955146.320748,-0.1919733881950378,-0.074031114578247,0.0282675176858901,-0.7701847553253174,0.238334059715271,-0.5916183590888977,-1.349732518196106,0.0338589325547218,-1.773696780204773,-0.9157792885575844,-0.2406501149064609,0.3286648551716072,106.0
1652955146.330726,-0.1295459270477295,-0.1034334301948547,0.0967002809047699,-0.7741252779960632,0.2326759546995163,-0.5887205600738525,-1.3167864084243774,0.0238905604928731,-1.7305060625076294,-0.9206103942627468,-0.2348282539094233,0.3068516535641221,106.0
1652955146.341131,-0.0655490159988403,-0.1507114768028259,0.126138225197792,-0.7777736186981201,0.2269654273986816,-0.5861354470252991,-1.1726516485214231,0.0566575638949871,-1.6361840963363647,-0.9249908609985548,-0.2289606529965403,0.286251450600585,106.0
1652955146.350664,-0.0469791889190673,-0.1839465498924255,0.1315719932317733,-0.7808405160903931,0.2210433781147003,-0.584318220615387,-1.1010886430740356,0.1175924986600875,-1.5716936588287354,-0.928371549533614,-0.2228841780969668,0.267219045516338,106.0
1652955146.360697,-0.0881217718124389,-0.1889022588729858,0.1248660087585449,-0.7832465767860413,0.2152676731348037,-0.5832535624504089,-1.025437593460083,0.2105003297328949,-1.509546399116516,-0.9307206121553928,-0.2169659214151564,0.2490603800802411,106.0
1652955146.370706,-0.1195879578590393,-0.1677506566047668,0.020551174879074,-0.7848613858222961,0.2093377560377121,-0.5832412242889404,-0.9863972663879396,0.3154769241809845,-1.4759382009506226,-0.9317170573944296,-0.2108976585830715,0.2318474914178292,106.0
1652955146.380663,-0.166103184223175,-0.1114386916160583,-0.0421944111585617,-0.7858772873878479,0.2038612812757492,-0.5838127732276917,-1.092888116836548,0.3746217489242553,-1.4767097234725952,-0.9318673735175772,-0.205300419253863,0.214394906085046,106.0
1652955146.390708,-0.1902846097946167,-0.1157941222190857,-0.0656258463859558,-0.786506712436676,0.198316290974617,-0.5848742723464966,-1.0448039770126345,0.4456040859222412,-1.538537859916687,-0.9313809681912764,-0.1996397911041203,0.1965266318473136,106.0
1652955146.400567,-0.1849064826965332,-0.0986621379852294,-0.0539210736751556,-0.7868493795394897,0.1919063031673431,-0.5865491032600403,-1.0024781227111816,0.4774379134178161,-1.6224899291992188,-0.9302199611089323,-0.1931041823844557,0.1786064173843319,106.0
1652955146.4106688,-0.1855638027191162,-0.0838193893432617,0.0379185080528259,-0.7871533632278442,0.1846004277467727,-0.5884828567504883,-0.9376041889190674,0.4745808839797973,-1.679600477218628,-0.9288272845405712,-0.1856652910260321,0.160685613072924,106.0
1652955146.420649,-0.1555360555648803,-0.1106876134872436,0.117348700761795,-0.7875332832336426,0.176917091012001,-0.5903317332267761,-0.9260364770889282,0.4233797490596771,-1.6626819372177124,-0.9275538932656928,-0.1778532435239604,0.1429772884087241,106.0
1652955146.430821,-0.0972738265991211,-0.1330994963645935,0.1015767306089401,-0.7879341840744019,0.1694041043519973,-0.5919981598854065,-0.8687771558761597,0.4018822312355041,-1.6016514301300049,-0.9264449161563256,-0.1702250081366099,0.1257720919920671,106.0
1652955146.44045,-0.0597344040870666,-0.1358607411384582,0.0772965997457504,-0.7880895137786865,0.1621138155460357,-0.5938298106193542,-0.838409423828125,0.4382525086402893,-1.5416098833084106,-0.9250554342248988,-0.1628324358539432,0.1093544819253801,106.0
1652955146.450279,-0.089266300201416,-0.1134400367736816,0.0991301238536834,-0.7875646352767944,0.1550813317298889,-0.5963988900184631,-0.7614932060241699,0.543300986289978,-1.470698595046997,-0.9226587850751848,-0.155709774034632,0.0936885432101205,106.0
1652955146.460287,-0.1185200214385986,-0.0749309062957763,0.072796493768692,-0.7861276865005493,0.148166075348854,-0.6000417470932007,-0.7041566967964172,0.6676293015480042,-1.408247947692871,-0.9188450952547096,-0.1487136188977014,0.0790825607133828,106.0
1652955146.470257,-0.1465896964073181,-0.0499059557914733,0.0326206237077713,-0.7838148474693298,0.1416653096675872,-0.6046198010444641,-0.7745347619056702,0.7637431621551514,-1.374084234237671,-0.9137512609092958,-0.1421434829436582,0.0647341999246763,106.0
1652955146.4803572,-0.1621507406234741,-0.05784672498703,-0.003157615661621,-0.7809796333312988,0.1357107311487198,-0.6096338033676147,-0.7717270255088806,0.802036702632904,-1.3754589557647705,-0.9079962388069912,-0.1361307957417233,0.0500479858074589,106.0
1652955146.49023,-0.1558418273925781,-0.0621419548988342,-0.0204148888587951,-0.7779045104980469,0.1295152604579925,-0.6148905754089355,-0.7457431554794312,0.8098793029785156,-1.4198724031448364,-0.9019089498387968,-0.1298801105200109,0.035395654552011,106.0
1652955146.5001,-0.1764845252037048,-0.0711486339569091,0.0263801738619804,-0.7747787833213806,0.122621901333332,-0.6202270984649658,-0.6512504816055298,0.7841547727584839,-1.470799207687378,-0.8957374867213878,-0.1229312943268469,0.0208804455599223,106.0
1652955146.510189,-0.1766625046730041,-0.0688532590866088,0.0799954533576965,-0.7718542814254761,0.1149050891399383,-0.6253301501274109,-0.5673307180404663,0.7337465286254883,-1.508614182472229,-0.8898872304340734,-0.1151594548891062,0.0067222323252483,106.0
1652955146.520047,-0.1403836607933044,-0.0447774529457092,0.06635782122612,-0.7691316604614258,0.1067989468574523,-0.630103588104248,-0.5337101817131042,0.6626342535018921,-1.496998310089111,-0.8844331677526867,-0.1070030231068463,-0.0070751203211738,106.0
1652955146.53016,-0.1064462661743164,-0.0419296026229858,0.034487247467041,-0.7666463255882263,0.0984473526477813,-0.6344773173332214,-0.4434999227523803,0.6270174384117126,-1.500881314277649,-0.8794505508624029,-0.0986070735745721,-0.020429143647724,106.0
1652955146.539956,-0.1079504489898681,-0.0386191010475158,0.0560304820537567,-0.7640435099601746,0.0895689204335212,-0.6389169692993164,-0.3871746063232422,0.6340546011924744,-1.501994490623474,-0.8743503164050164,-0.0896891158505244,-0.0331971751117761,106.0
1652955146.5500422,-0.1301801204681396,-0.0164839029312133,0.0813012421131134,-0.7612230181694031,0.0805030167102813,-0.6434740424156189,-0.3074846863746643,0.6483191847801208,-1.4738242626190186,-0.8690278513237348,-0.0805902258441593,-0.0454222491670387,106.0
1652955146.559898,-0.1345741748809814,-0.0158549547195434,0.0581517219543457,-0.7581106424331665,0.0713801681995391,-0.6482076048851013,-0.3500622510910034,0.6708348393440247,-1.4963362216949463,-0.8633891273157909,-0.0714409224192907,-0.0574272268262965,106.0
1652955146.569836,-0.1785911917686462,-0.0083708763122558,0.0760301351547241,-0.7547582983970642,0.0624739378690719,-0.6530213356018066,-0.4122770130634308,0.672523558139801,-1.5319255590438845,-0.8575404400552042,-0.0625146475182714,-0.0702021635549871,106.0
1652955146.579821,-0.2056232094764709,-0.0053138136863708,0.1240425705909729,-0.7513468861579895,0.0539817735552787,-0.6576958298683167,-0.5422115921974182,0.6443678140640259,-1.549876689910889,-0.8517648518959526,-0.0540080250044699,-0.0838592620575557,106.0
1652955146.5897288,-0.1778875589370727,0.0107312798500061,0.159618467092514,-0.7480462193489075,0.0464057400822639,-0.6620222330093384,-0.6616847515106201,0.5950812697410583,-1.5441051721572876,-0.8463296104226783,-0.0464224134441299,-0.0986056655188478,106.0
1652955146.599767,-0.1374056935310363,0.0285157561302185,0.168427973985672,-0.7448726296424866,0.0396409258246421,-0.6660279631614685,-0.7037214636802673,0.5635350346565247,-1.50184428691864,-0.8412226109666502,-0.039651314611036,-0.1138448464400729,106.0
1652955146.6096668,-0.1120738983154296,0.0610285401344299,0.2268542945384979,-0.7415637373924255,0.0330487191677093,-0.6700679063796997,-0.5649890899658203,0.5875369310379028,-1.435221552848816,-0.8360025824539075,-0.0330547375646898,-0.128455031495366,106.0
1652955146.619856,-0.1038411259651184,0.083400547504425,0.3064353168010711,-0.7380319237709045,0.0259469207376241,-0.6742666363716125,-0.3309941589832306,0.5823435187339783,-1.303166747093201,-0.83051753342401,-0.025949832830132,-0.1409192195276488,106.0
1652955146.629745,-0.0965213179588317,0.0768048763275146,0.3779009282588959,-0.7344112396240234,0.0182630699127912,-0.6784589290618896,-0.1170012950897216,0.5748311281204224,-1.2180612087249756,-0.8249793489962662,-0.0182640847077474,-0.1510570378132888,106.0
1652955146.639578,-0.0912708044052124,0.0695432424545288,0.3885245025157928,-0.730659008026123,0.0098214969038963,-0.6826719045639038,0.0327495746314525,0.5829952955245972,-1.1413177251815796,-0.8193383299528137,-0.0098216544195688,-0.1592306518585709,106.0
1652955146.649536,-0.0968985557556152,0.0885623693466186,0.370013564825058,-0.72683185338974,0.0015532448887825,-0.6868137121200562,0.015755146741867,0.5542873740196228,-1.084151268005371,-0.8136990451692062,-0.0015532454926786,-0.1665980581599458,106.0
1652955146.661133,-0.0974578857421875,0.1225730180740356,0.3467722833156585,-0.7231138944625854,-0.0059061716310679,-0.6907035112380981,-0.1135759428143501,0.514825165271759,-1.0590417385101318,-0.8083181776973386,0.0059062059336571,-0.1742843921272059,106.0
1652955146.669537,-0.0742079615592956,0.148212194442749,0.3520300388336181,-0.7196915149688721,-0.0121862599626183,-0.6941869258880615,-0.207252100110054,0.4501008689403534,-1.014317512512207,-0.8034349267088275,0.0121865618530725,-0.1826714916899941,106.0
1652955146.679418,-0.0414310693740844,0.1579721570014953,0.3734037578105926,-0.7165797352790833,-0.0177671182900667,-0.6972787976264954,-0.2101597487926483,0.4053999781608581,-0.9613448977470398,-0.7990485308640308,0.0177680524783812,-0.1910649582692872,106.0
1652955146.689499,-0.0204250812530517,0.1767785549163818,0.4342544376850128,-0.7136752009391785,-0.0231520868837833,-0.7000939846038818,-0.1331845968961715,0.3709069788455963,-0.8897267580032349,-0.795004251421298,0.0231541558453195,-0.1987927151808435,106.0
1652955146.699334,-0.0126839280128479,0.1991364359855651,0.4760653078556061,-0.7110098004341125,-0.0286012608557939,-0.7026001214981079,-0.0148827247321605,0.3344363272190094,-0.7895439863204956,-0.7913471605586033,0.0286051623133071,-0.2052165804759815,106.0
1652955146.709286,-0.0010744333267211,0.2120767831802368,0.4692801237106323,-0.7084439396858215,-0.0339315682649612,-0.7049509286880493,0.0524622946977615,0.335205078125,-0.6559345722198486,-0.7878695017462995,0.0339380810906315,-0.2100738719982235,106.0
1652955146.719254,0.0050649046897888,0.2046039700508117,0.4502745270729065,-0.7059772610664368,-0.0383024178445339,-0.7071979641914368,-0.000532747246325,0.3031861484050751,-0.53851318359375,-0.784534385065478,0.0383117912027143,-0.2140697882235442,106.0
1652955146.7293549,0.0136147141456604,0.1751919388771057,0.4254787862300873,-0.7037543654441833,-0.04143026471138,-0.7092342972755432,-0.1513640731573104,0.2666585147380829,-0.4998557567596435,-0.7815199481768096,0.0414421262049015,-0.2182091921432768,106.0
1652955146.739162,0.0112687945365905,0.1780171394348144,0.4150320589542389,-0.7017747163772583,-0.0432821363210678,-0.7110829949378967,-0.2699045836925506,0.2324725985527038,-0.4593581557273865,-0.7788099926543458,0.0432956597713738,-0.2231619401724124,106.0
1652955146.749144,0.0081808567047119,0.1755217313766479,0.4156235754489898,-0.7001057863235474,-0.044331420212984,-0.712661623954773,-0.2680777609348297,0.1854229420423507,-0.4016838371753692,-0.7765109925094643,0.0443459538488457,-0.2281737230227391,106.0
1652955146.759223,0.024253487586975,0.1580129861831665,0.4519040584564209,-0.6987833976745605,-0.0451657325029373,-0.7139059901237488,-0.2017384320497512,0.1421252787113189,-0.3196488916873932,-0.7746937654911676,0.0451811028338008,-0.232413735693442,106.0
1652955146.769048,0.0355053544044494,0.1408668756484985,0.4758503139019012,-0.6978130340576172,-0.0460864938795566,-0.714795708656311,-0.0618436448276042,0.1005154028534889,-0.230196326971054,-0.7733765363995392,0.0461028246436469,-0.2353489251173728,106.0
1652955146.7790442,0.041911244392395,0.1351345181465149,0.4600540995597839,-0.697077751159668,-0.0474106222391128,-0.7154262661933899,0.0739360302686691,0.0902521163225174,-0.1252251714468002,-0.7724088402636643,0.0474284022926727,-0.236535881955036,106.0
1652955146.788961,0.046594500541687,0.1315550804138183,0.4353350102901459,-0.6963747143745422,-0.0486467257142066,-0.7160277366638184,0.1109734699130058,0.0969428792595863,-0.0304101407527923,-0.7714844470696484,0.0486659340964432,-0.2364169889445308,106.0
1652955146.798932,0.0378065109252929,0.1278860569000244,0.3769780099391937,-0.6955822706222534,-0.0492954663932323,-0.7167532444000244,0.066277377307415,0.1273830831050872,0.0328647047281265,-0.7704092236675082,0.0493154524694065,-0.2357326766740081,106.0
1652955146.808847,0.0267950296401977,0.1260584592819214,0.3143531084060669,-0.6946569085121155,-0.048972200602293,-0.7176722288131714,-0.0516511909663677,0.1386554390192031,0.0802059322595596,-0.7691035738030663,0.0489917952967537,-0.2352704591359624,106.0
1652955146.818918,0.0183568000793457,0.1072165369987487,0.2957097589969635,-0.6937106847763062,-0.0475560128688812,-0.718682050704956,-0.1331947892904281,0.1351184844970703,0.1230774968862533,-0.7677198435838857,0.0475739582234425,-0.2352133727614229,106.0
1652955146.829091,0.0100578665733337,0.079053521156311,0.3137328624725342,-0.6928733587265015,-0.0455748811364173,-0.719617486000061,-0.1445538997650146,0.1164173036813736,0.1565732657909393,-0.7664663927872231,0.0455906739700619,-0.235215028839138,106.0
1652955146.839081,0.0083644986152648,0.0685673356056213,0.3400534689426422,-0.6922480463981628,-0.0435141250491142,-0.7203464508056641,-0.0659456402063369,0.0771484598517417,0.2101960033178329,-0.7655094330716316,0.0435278694689815,-0.2346519040796442,106.0
1652955146.848779,0.0170602798461914,0.0572015047073364,0.3457934260368347,-0.6919258832931519,-0.0417467206716537,-0.7207604646682739,0.035201147198677,0.0386537946760654,0.278128832578659,-0.7649898433534015,0.0417588558590325,-0.2329823509877231,106.0
1652955146.858866,0.0246930122375488,0.0420984029769897,0.3203447461128235,-0.6919139623641968,-0.0400102064013481,-0.7208703756332397,0.0681782737374305,-0.0013490150449797,0.3462927043437958,-0.7649050336503025,0.0400208882134514,-0.2303658915787965,106.0
1652955146.868634,0.0244286656379699,0.0405453443527221,0.2538415193557739,-0.6921532154083252,-0.0379601344466209,-0.7207516431808472,0.0666488856077194,-0.0223069731146097,0.4003823697566986,-0.7651600517652599,0.0379692559500836,-0.2271742757673555,106.0
1652955146.878639,0.0167979001998901,0.0548478364944458,0.2107708156108856,-0.6925027370452881,-0.0354625359177589,-0.7205430865287781,0.05524842441082,-0.0322749204933643,0.4422110319137573,-0.7655568682762096,0.0354699714359499,-0.2237592598760194,106.0
1652955146.8884192,-0.0015901923179626,0.0449320673942565,0.2091851532459259,-0.6927608847618103,-0.0327477268874645,-0.7204234004020691,0.0856710448861122,0.0127242468297481,0.4860597252845764,-0.7658260869228536,0.0327535833579489,-0.2199667181724793,106.0
1652955146.898559,-0.0181412696838378,0.0306102037429809,0.2146964073181152,-0.6927809119224548,-0.0300650279968976,-0.7205211520195007,0.142947107553482,0.0277079902589321,0.532034158706665,-0.7657727203506195,0.0300695586565234,-0.2155152808505129,106.0
1652955146.908977,-0.0184842348098754,0.0213655233383178,0.2173014283180236,-0.6927278637886047,-0.0274668056517839,-0.7206758260726929,0.1862189471721649,0.0295197367668151,0.5603941082954407,-0.7656272051765304,0.0274702598090107,-0.2104288691566169,106.0
1652955146.918347,-0.0202410221099853,0.0028345584869384,0.2120349109172821,-0.6927563548088074,-0.0247942712157964,-0.720745325088501,0.2074616551399231,0.0042093219235539,0.6134869456291199,-0.7655995651321744,0.0247968118185756,-0.2048776944548499,106.0
1652955146.9283872,-0.0229134559631347,-0.0190706253051757,0.1847158074378967,-0.692983090877533,-0.0221180915832519,-0.7206144332885742,0.254197746515274,-0.0295774042606353,0.6468259692192078,-0.7658538001086884,0.0221198947246841,-0.1987529257870284,106.0
1652955146.9382,-0.0272847414016723,-0.017258882522583,0.1758480668067932,-0.6934489011764526,-0.0194149240851402,-0.7202441692352295,0.2874025702476501,-0.0586900152266025,0.6969394683837891,-0.7664463240004963,0.0194161438802442,-0.1920712446063439,106.0
1652955146.948179,-0.0189478993415832,-0.033044159412384,0.1646909713745117,-0.6940494775772095,-0.0167264472693204,-0.719732940196991,0.3527586758136749,-0.0650411248207092,0.7442252039909363,-0.7672336765891199,0.0167272276714492,-0.1846868238066882,106.0
1652955146.958654,-0.0179229378700256,-0.0388753414154052,0.1270163655281067,-0.6945708394050598,-0.0139944674447178,-0.7192881107330322,0.3337132632732391,-0.0485048070549964,0.7620454430580139,-0.7679178346254061,0.0139949239059911,-0.1768560275639562,106.0
1652955146.968405,-0.0312620401382446,-0.0267074108123779,0.1164703369140625,-0.6949341297149658,-0.0109710386022925,-0.7189896106719971,0.3063993453979492,-0.0299267563968896,0.7636532187461853,-0.7683865214801543,0.0109712589405185,-0.1691611686570208,106.0
1652955146.9781818,-0.0398706793785095,-0.0348367094993591,0.1242129504680633,-0.6951145529747009,-0.0078646214678883,-0.7188559174537659,0.2880363166332245,-0.0018945902120321,0.7542011141777039,-0.7686091949536108,0.0078647026399139,-0.1617049691521693,106.0
1652955146.988126,-0.0453782081604003,-0.0504812598228454,0.106869101524353,-0.6950697302818298,-0.0045436336658895,-0.7189279794692993,0.2460081279277801,0.0263430662453174,0.7661796808242798,-0.7685268515305502,0.0045436492716165,-0.1544144962511953,106.0
1652955146.998112,-0.055313766002655,-0.0483035445213317,0.0879416167736053,-0.6949149966239929,-0.0007376127177849,-0.7190914750099182,0.2139194309711456,0.0211693421006202,0.7933684587478638,-0.7683019966327124,0.0007376127924518,-0.1472832554700709,106.0
1652955147.0081658,-0.0608367919921875,-0.0463944673538208,0.1030772626399993,-0.6947478652000427,0.0032917908392846,-0.7192458510398865,0.2492081075906753,0.0196946449577808,0.8517194390296936,-0.7680745157631816,-0.003291796852608,-0.1397910169006773,106.0
1652955147.0180922,-0.0595400333404541,-0.0415043830871582,0.1232872009277343,-0.6945797801017761,0.0076332692988216,-0.7193751931190491,0.2605204284191131,0.0149294510483741,0.9306097626686096,-0.7678637535144847,-0.0076333433128417,-0.1316695338384333,106.0
1652955147.02826,-0.0541578531265258,-0.0337294936180114,0.0942121148109436,-0.6943924427032471,0.0123705836012959,-0.719490110874176,0.2595744729042053,0.0047943647950887,0.9880731701850892,-0.7676491322507509,-0.012370898778637,-0.1229562013241701,106.0
1652955147.038259,-0.0514373183250427,-0.0103328227996826,0.0672792196273803,-0.694366455078125,0.0177122764289379,-0.7194035053253174,0.1946769654750824,-0.0460648201406002,1.0206406116485596,-0.7676905901212484,-0.0177132020736433,-0.1141846221703039,106.0
1652955147.04784,-0.0523865222930908,-0.0012053251266479,0.06429985165596,-0.6946378946304321,0.0233924314379692,-0.7189790606498718,0.2203272581100464,-0.0895455628633499,1.0386227369308472,-0.7681808100427302,-0.0233945659335609,-0.1053989780798228,106.0
1652955147.057785,-0.055376648902893,0.0093412399291992,0.0705601274967193,-0.6951268315315247,0.0287898853421211,-0.7183104157447815,0.2887563705444336,-0.1216174736618995,1.048877239227295,-0.7689973545653735,-0.0287938642395953,-0.0961737625316443,106.0
1652955147.067676,-0.0724933743476867,0.031055748462677,0.0910883843898773,-0.6958170533180237,0.0337285585701465,-0.717426598072052,0.3804462254047394,-0.1605584919452667,1.0746862888336182,-0.7701086176074428,-0.0337349573465007,-0.0862432559203654,106.0
1652955147.077619,-0.0897898077964782,0.0383858084678649,0.1103852093219757,-0.6967853903770447,0.0388457737863063,-0.7162269949913025,0.2973934113979339,-0.2221331745386123,1.1371461153030396,-0.7716400754826659,-0.0388555497863345,-0.0759116956120933,106.0
1652955147.0875611,-0.0741574764251709,0.0032472014427185,0.0739112198352813,-0.6980592608451843,0.0451989099383354,-0.7146120071411133,0.2004936337471008,-0.2736546695232391,1.2025320529937744,-0.7736813843840906,-0.0452143128829163,-0.065841717654384,106.0
1652955147.097788,-0.0462451577186584,-0.0297946333885192,-0.0119273103773593,-0.699573814868927,0.0528056398034095,-0.7126064896583557,0.029742132872343,-0.3138140738010406,1.219312310218811,-0.7761696495356147,-0.0528302104878133,-0.0563321173691418,106.0
1652955147.108151,-0.0519177317619323,-0.0286666750907897,-0.0357092320919036,-0.7012560367584229,0.0616339668631553,-0.7102402448654175,-0.1125648766756057,-0.3453352749347687,1.1948753595352173,-0.7790332236868125,-0.0616730554026177,-0.0481120320496538,106.0
1652955147.117857,-0.0790665745735168,-0.0236796140670776,-0.0138745382428169,-0.7028699517250061,0.0705457329750061,-0.7078114748001099,-0.0614934377372264,-0.3204139471054077,1.1627455949783323,-0.7818952539131617,-0.0706043754391323,-0.040442622889931,106.0
1652955147.1277618,-0.1041807532310485,0.0164561867713928,0.0350790545344352,-0.7040925025939941,0.0787668153643608,-0.7057262063026428,0.038458727300167,-0.2678517401218414,1.159079909324646,-0.7842393354565709,-0.0788484911255012,-0.0323407414306203,106.0
1652955147.13772,-0.1312633752822876,0.0822962522506713,0.0632992908358573,-0.7047655582427979,0.0863284170627594,-0.7041682004928589,0.1557033210992813,-0.1979120969772339,1.181801438331604,-0.7858221353906611,-0.0864360058670381,-0.0233971272365351,106.0
1652955147.1473908,-0.1494935154914856,0.1379463672637939,0.0590600073337554,-0.7048307657241821,0.0934516116976738,-0.7031930088996887,0.2393893003463745,-0.1412922143936157,1.2672098875045776,-0.7865613203701795,-0.0935881706544558,-0.0133002296013739,106.0
1652955147.1573138,-0.1252689361572265,0.1600237488746643,0.0496753454208374,-0.7043666243553162,0.1011273115873336,-0.7025958299636841,0.2467614710330963,-0.0879986360669136,1.396511435508728,-0.7866567668561555,-0.1013004734092149,-0.0022194124361415,106.0
1652955147.167273,-0.0513783693313598,0.0926699638366699,0.0028274357318878,-0.7033365368843079,0.1089584603905677,-0.7024570107460022,0.3908617198467254,-0.0604660771787166,1.4543482065200806,-0.7860238291611698,-0.1091752150240354,0.0101775996180747,106.0
1652955147.177382,0.0028467774391174,0.0612573027610778,-0.0252828896045684,-0.7023706436157227,0.1162863299250602,-0.7022485733032227,0.3296947777271271,-0.1125623062252998,1.361639380455017,-0.7854850670649771,-0.1165500198572926,0.0228172882211794,106.0
1652955147.187213,-0.0096827745437622,0.0414193272590637,-0.024532526731491,-0.7015902996063232,0.123195894062519,-0.7018502950668335,0.3129137754440307,-0.1157137751579284,1.2426717281341553,-0.7852129192043049,-0.1235096732808056,0.0343145209185101,106.0
1652955147.197617,-0.0431322455406188,0.0329172611236572,-0.0335506349802017,-0.701054036617279,0.1291622072458267,-0.7013132572174072,0.3204925954341888,-0.1492906510829925,1.1066508293151855,-0.7852133274676615,-0.1295240706767852,0.044928356151066,106.0
1652955147.207332,-0.054103672504425,0.0761764645576477,-0.0504001528024673,-0.7007790207862854,0.134674459695816,-0.7005508542060852,0.1947253048419952,-0.1669510304927826,1.006566047668457,-0.785561018046136,-0.1350849233680913,0.054275450154657,106.0
1652955147.217411,-0.046402096748352,0.1247655153274536,-0.0727439522743225,-0.7006223797798157,0.1404930055141449,-0.6995641589164734,0.0887831524014473,-0.1668104231357574,0.9254194498062134,-0.7861539288107993,-0.1409593445026794,0.0620845266964671,106.0
1652955147.2273998,-0.0409032702445983,0.1415612697601318,-0.0892494916915893,-0.7004448771476746,0.146363154053688,-0.6985375881195068,0.0240888427942991,-0.1511231660842895,0.8859629034996033,-0.7867615134146215,-0.1468908326670948,0.0689208414882825,106.0
1652955147.237167,-0.0236377120018005,0.1654799580574035,-0.0540339201688766,-0.7001017928123474,0.1527735590934753,-0.6975081562995911,-0.0535982251167297,-0.137879267334938,0.9135569334030152,-0.787253937335558,-0.1533741726792992,0.075166575282481,106.0
1652955147.247293,0.0033853650093078,0.1548109650611877,0.0041667968034744,-0.6997048258781433,0.1598041802644729,-0.6963301301002502,-0.1100361421704292,-0.1704228371381759,0.9504815936088562,-0.7878155294090115,-0.1604922753686443,0.0812327873272158,106.0
1652955147.2571368,0.0438038110733032,0.1291428208351135,0.0281050503253936,-0.699367105960846,0.1673600673675537,-0.6948930025100708,-0.0982615053653717,-0.1884993016719818,0.9786455631256104,-0.7886071189238867,-0.1681513598936375,0.0872822006276751,106.0
1652955147.267064,0.0908913016319274,0.0634964108467102,-0.0125020295381546,-0.6992591023445129,0.1746876984834671,-0.6931961178779602,-0.0769297182559967,-0.2647253572940826,0.9630647897720336,-0.7897522804455148,-0.1755885871903959,0.0936670445082276,106.0
1652955147.2771769,0.1039865612983703,0.0619195699691772,-0.030381754040718,-0.699720025062561,0.1819015443325042,-0.6908715963363647,-0.1286376565694809,-0.3374435007572174,0.8988852500915527,-0.7917611672689157,-0.182919910783499,0.0995278272432477,106.0
1652955147.286983,0.0825637578964233,0.0610329508781433,-0.019315093755722,-0.7005293965339661,0.1888402700424194,-0.6881844401359558,-0.0964152738451957,-0.3646171689033508,0.8559455871582031,-0.7942874052427861,-0.1899810300845497,0.1048887392582543,106.0
1652955147.296949,0.0636237859725952,0.0766382217407226,-0.0016803443431854,-0.7014868855476379,0.1951313018798828,-0.6854486465454102,-0.0200238227844238,-0.3885017335414886,0.8355944752693176,-0.7969614296115385,-0.1963913265151747,0.1104852636950126,106.0
1652955147.306912,0.0543699860572814,0.1065671443939209,0.0235177129507064,-0.7025936841964722,0.2008322775363922,-0.6826627254486084,0.0223561227321624,-0.405178964138031,0.7921804189682007,-0.79978511941985,-0.2022074274748638,0.1162543987978536,106.0
1652955147.31682,0.0505779385566711,0.1136972904205322,0.035281091928482,-0.7038218379020691,0.2059756219387054,-0.6798593997955322,0.0445170849561691,-0.4192149043083191,0.7436424493789673,-0.8027143481387979,-0.2074606073376404,0.121954391622828,106.0
1652955147.326947,0.049261450767517,0.1136916875839233,0.0264080613851547,-0.7052671909332275,0.2107440680265426,-0.6768936514854431,0.0663346350193023,-0.4629443287849426,0.7311607599258423,-0.8059236797176249,-0.2123360547213882,0.127556409237452,106.0
1652955147.336752,0.068052053451538,0.104499340057373,0.0040893107652664,-0.7068763971328735,0.2153473645448684,-0.6737590432167053,0.1472859382629394,-0.4876299798488617,0.7663810849189758,-0.8093806127250154,-0.2170475296253148,0.1335570357041484,106.0
1652955147.346873,0.1110517978668212,0.0531595349311828,-0.0245256125926971,-0.708646833896637,0.2194719016551971,-0.6705606579780579,0.2684109210968017,-0.5534332990646362,0.7942359447479248,-0.8130057017686534,-0.2212731406968427,0.1406133963051446,106.0
1652955147.3567271,0.1366143822669983,0.0297850966453552,-0.027920588850975,-0.7109703421592712,0.2229431718587875,-0.6669463515281677,0.3517726361751556,-0.6618202328681946,0.7679412364959717,-0.817337001241436,-0.2248325881070098,0.1484193864309579,106.0
1652955147.3666,0.1051790714263916,0.0258974432945251,0.0037825107574462,-0.7139741778373718,0.2256944328546524,-0.6627993583679199,0.3914203643798828,-0.7353960871696472,0.6951369047164917,-0.8225511619430073,-0.2276558083329482,0.1563545871725842,106.0
1652955147.376618,0.0439434051513671,-0.0070102214813232,0.0369935929775238,-0.7174202799797058,0.2274716943502426,-0.6584562063217163,0.4877410531044006,-0.7434492111206055,0.6023529171943665,-0.8282275892872245,-0.2294805219137316,0.1640795938724489,106.0
1652955147.386753,0.0074089765548706,-0.0451656579971313,-0.0061114579439163,-0.720909833908081,0.2279132306575775,-0.6544803977012634,0.6239211559295654,-0.7256696820259094,0.5557268857955933,-0.8336592924283992,-0.229933976294285,0.17230227037748,106.0
1652955147.396591,0.0096719861030578,-0.0140999555587768,-0.0787338614463806,-0.7244546413421631,0.2279037982225418,-0.6505576968193054,0.5614311099052429,-0.7382022142410278,0.5247937440872192,-0.8390892371090228,-0.2299242868388306,0.1805824489173028,106.0
1652955147.406526,0.0128046870231628,0.0072236061096191,-0.1368281245231628,-0.7280603647232056,0.228289321064949,-0.6463838219642639,0.4227541983127594,-0.7278227210044861,0.4665468335151672,-0.8447534863932863,-0.2303202357750912,0.187754587197011,106.0
1652955147.416451,0.0087084174156188,0.0205153226852417,-0.1674632877111435,-0.7317155599594116,0.2293834835290908,-0.6418532133102417,0.2379776984453201,-0.7280458807945251,0.4204230010509491,-0.8507275704179863,-0.2314442276372387,0.1933215550524111,106.0
1652955147.426527,0.0013750195503234,0.0314807891845703,-0.1710856407880783,-0.7354142069816589,0.2313425838947296,-0.6369037628173828,0.0821994170546531,-0.7240326404571533,0.3910416066646576,-0.8570592429579867,-0.2334574832697589,0.1972754564487636,106.0
1652955147.436337,-0.0030639767646789,0.0451278090476989,-0.1519266664981842,-0.7391082048416138,0.2339731901884079,-0.631645143032074,-0.0325918793678283,-0.7233157157897949,0.3645024001598358,-0.8636351929580114,-0.2361623056143335,0.1999742770603118,106.0
1652955147.446337,-0.0061302781105041,0.0466769933700561,-0.1191198527812957,-0.7428777813911438,0.2369634956121444,-0.6260837912559509,-0.0719494074583053,-0.755668044090271,0.3445540368556976,-0.870507838458183,-0.2392391291767542,0.2018764459095015,106.0
1652955147.4564528,-0.0062971115112304,0.0498144626617431,-0.0931856036186218,-0.7468613386154175,0.2400056719779968,-0.6201575398445129,-0.0570980198681354,-0.7990139126777649,0.3536183834075928,-0.8778203232966841,-0.2423717011441308,0.2036520093117237,106.0
1652955147.4662452,-0.0110523700714111,0.0647822618484497,-0.0731256753206253,-0.7510172128677368,0.2428339421749115,-0.6140071749687195,0.0028890152461826,-0.8320922255516052,0.3621950149536133,-0.8854350049545429,-0.2452861801151022,0.2057964522883392,106.0
1652955147.476191,-0.0243517160415649,0.0764290690422058,-0.059473231434822,-0.7551892399787903,0.2454931288957595,-0.6078011989593506,0.0433426983654499,-0.8292165398597717,0.3638975620269775,-0.8931153964757985,-0.2480283564134548,0.2083313005444815,106.0
1652955147.486158,-0.0357460975646972,0.0526778101921081,-0.0656299740076065,-0.7592519521713257,0.247560515999794,-0.6018722057342529,0.1332837045192718,-0.8049694895744324,0.3168230950832367,-0.9005118334759832,-0.2501615807439832,0.2112595924649461,106.0
1652955147.496129,-0.0319363474845886,0.0606169700622558,-0.0797266960144043,-0.7633058428764343,0.2487788200378418,-0.5962157249450684,0.159031942486763,-0.7881497740745544,0.241844430565834,-0.9076884888134809,-0.2514192337883979,0.2142705620956553,106.0
1652955147.506105,-0.0152087211608886,0.0777645707130432,-0.1024252474308013,-0.767353355884552,0.2494741827249527,-0.5907040238380432,0.167362242937088,-0.7715148329734802,0.1881556063890457,-0.9147469192128173,-0.2521372357379123,0.2169456423312399,106.0
1652955147.51596,0.0018442869186401,0.0871893763542175,-0.1379557698965072,-0.7714517116546631,0.2497569322586059,-0.585220992565155,0.1408685892820358,-0.7639580965042114,0.1294794976711273,-0.9218157631871684,-0.252429216380741,0.2192542495868292,106.0
1652955147.5262709,0.0037002563476562,0.0927898287773132,-0.154842346906662,-0.7756117582321167,0.2499656826257705,-0.579606294631958,0.0705190598964691,-0.7630385160446167,0.0878807008266449,-0.9290323983217365,-0.2526448061767872,0.2207969826966669,106.0
1652955147.535956,-0.0018653869628906,0.0844044685363769,-0.1631948947906494,-0.7798575758934021,0.250292032957077,-0.5737386345863342,0.008442903868854,-0.7803344130516052,0.0537597499787807,-0.9365123430208944,-0.2529818876649236,0.2215537717035222,106.0
1652955147.545897,-0.0010818243026733,0.0786353349685669,-0.1640365123748779,-0.7842574715614319,0.2508437931537628,-0.5674659609794617,-0.0920319035649299,-0.8063744306564331,0.0265177823603153,-0.9444254322149574,-0.2535518101982271,0.2214522465362954,106.0
1652955147.5560288,-0.0053009390830993,0.0718374848365783,-0.1731528341770172,-0.7889189124107361,0.2516135275363922,-0.5606223344802856,-0.1514792442321777,-0.8620515465736389,-0.0212476104497909,-0.9529776962578106,-0.2543470677069718,0.2204114045959699,106.0
1652955147.565823,-0.0224115252494812,0.070124328136444,-0.183068186044693,-0.7939488887786865,0.2521142065525055,-0.5532481670379639,-0.1748957633972168,-0.9034942984580994,-0.0862438827753067,-0.9622003778066976,-0.2548644142633252,0.2187083626466407,106.0
1652955147.57864,-0.0525203347206115,0.0592304468154907,-0.1515430808067321,-0.7992099523544312,0.2520832419395447,-0.545634925365448,-0.1431719213724136,-0.915029227733612,-0.1464614123106002,-0.9717635072753532,-0.2548324149569854,0.2166894732166568,106.0
1652955147.5882769,-0.0800336599349975,0.0541173219680786,-0.098478227853775,-0.8046098351478577,0.251371294260025,-0.5379735827445984,-0.1259578466415405,-0.9157503247261048,-0.2044285535812378,-0.9814465944393632,-0.2540967874822889,0.2145411332255537,106.0
1652955147.596271,-0.0886296033859252,0.0307110548019409,-0.0753619074821472,-0.8100671768188477,0.2502123713493347,-0.530268669128418,-0.1151323691010475,-0.919318675994873,-0.2511627674102783,-0.9911952947713712,-0.2528995995447553,0.2121736407778867,106.0
1652955147.606183,-0.0710563659667968,-0.0082865953445434,-0.1086637079715728,-0.8155555129051208,0.2486783564090728,-0.5225209593772888,-0.1366122961044311,-0.9324709177017212,-0.2777814865112304,-1.0009914457789548,-0.2513155055151096,0.2097244994909345,106.0
1652955147.616719,-0.0427405834197998,-0.0187854170799255,-0.12209253013134,-0.8210440874099731,0.2473824769258499,-0.5144787430763245,-0.2162850201129913,-0.9156405329704284,-0.2782501876354217,-1.011036317865022,-0.2499778273778661,0.2065524054531785,106.0
1652955147.626076,-0.0310884714126586,-0.074949026107788,-0.1314767748117447,-0.8262264728546143,0.2461160719394683,-0.5067312717437744,-0.1489676982164383,-0.8649805188179016,-0.2478471845388412,-1.020648975141305,-0.2486710209754095,0.2035458180005425,106.0
1652955147.635473,-0.0332768559455871,-0.0955449342727661,-0.0856124758720398,-0.8309961557388306,0.2451125979423523,-0.4993647634983063,-0.1871627420186996,-0.8093081712722778,-0.2172740995883941,-1.0296983517532137,-0.2476358267503535,0.2008090491362693,106.0
1652955147.6455011,-0.0514897108078002,-0.1235281825065612,-0.0199320614337921,-0.8352899551391602,0.2440989762544632,-0.4926522970199585,-0.1178864017128944,-0.7138874530792236,-0.2156441509723663,-1.0379121176786763,-0.2465904475057541,0.1982839823652301,106.0
1652955147.655314,-0.0591431856155395,-0.1773467063903808,0.0104646682739257,-0.8391264081001282,0.2427244633436203,-0.4867769181728363,-0.0456409677863121,-0.654154896736145,-0.2063854038715362,-1.0451379866702268,-0.2451733118670103,0.1964852553911995,106.0
1652955147.665282,-0.0556397438049316,-0.2332049012184143,-0.0091245770454406,-0.8426604270935059,0.2408751249313354,-0.4815626740455627,0.0911397114396095,-0.59867262840271,-0.2176979631185531,-1.051612247329556,-0.2432674179826151,0.1955389737343212,106.0
1652955147.6752229,-0.0500027537345886,-0.2740491330623626,-0.0430494993925094,-0.8458711504936218,0.2385298162698745,-0.4770800173282623,0.1591094434261322,-0.5495575666427612,-0.1867400556802749,-1.0572603431126777,-0.2408516921316758,0.1956882424524246,106.0
1652955147.685204,-0.0380053520202636,-0.274222731590271,-0.0379370748996734,-0.8487743139266968,0.2363013625144958,-0.4730154871940613,0.1697984486818313,-0.5035563111305237,-0.167223572731018,-1.062371580025799,-0.2385576404394776,0.1962245374099433,106.0
1652955147.695313,-0.0352707505226135,-0.2646622359752655,-0.0462151318788528,-0.8513715267181396,0.2340508699417114,-0.4694534242153168,0.1880829036235809,-0.4390313923358917,-0.1604405045509338,-1.0668724681215294,-0.2362422061112593,0.1970365574747838,106.0
1652955147.705117,-0.0339249968528747,-0.2584516406059265,-0.0460582673549652,-0.8536481261253357,0.2318798005580902,-0.4663867056369781,0.1731597483158111,-0.3802000284194946,-0.1633705496788025,-1.0707633032825434,-0.2340097152457226,0.1978748050515515,106.0
1652955147.71508,-0.0423105359077453,-0.2593154311180115,-0.0387279391288757,-0.8556843996047974,0.2295848429203033,-0.4637833833694458,0.1771712750196457,-0.3280095160007477,-0.1898181289434433,-1.0741136791892754,-0.2316511150535003,0.1985974423937204,106.0
1652955147.725089,-0.0498555898666381,-0.2588037252426147,-0.0216003656387329,-0.8575844764709473,0.2269531786441803,-0.4615637362003326,0.1690950989723205,-0.286355584859848,-0.2352698445320129,-1.0770471010243658,-0.2289480785627957,0.199153981054868,106.0
1652955147.735004,-0.0491458177566528,-0.2767819762229919,-0.0136903524398803,-0.8593320250511169,0.2240480631589889,-0.4597293734550476,0.1687318384647369,-0.2328638434410095,-0.2643267810344696,-1.0795543143537027,-0.2259661607256898,0.1994374854564692,106.0
1652955147.744934,-0.026853859424591,-0.2859225273132324,-0.0308854281902313,-0.8609024286270142,0.220842108130455,-0.4583401978015899,0.1754063963890075,-0.1851872354745865,-0.2890662848949432,-1.0815697726781768,-0.2226778116367852,0.1997010541105801,106.0
1652955147.754874,-0.0014721155166625,-0.2660614252090454,-0.0266677737236022,-0.8623431324958801,0.2176773250102996,-0.457144170999527,0.1129898875951767,-0.1633003056049347,-0.2964328527450561,-1.083345104247451,-0.2194341003539004,0.1995926345813478,106.0
1652955147.764957,0.0066233277320861,-0.2697038948535919,-0.0014228969812393,-0.8636482954025269,0.2146492004394531,-0.4561109244823456,0.1074066385626792,-0.1260213851928711,-0.2961687743663788,-1.084905707458191,-0.2163326376270335,0.1991530345485784,106.0
1652955147.774824,-0.0032887458801269,-0.2667343616485595,0.0366776585578918,-0.8647531270980835,0.2115523666143417,-0.4554641842842102,0.1132693141698837,-0.0776181668043136,-0.30597984790802,-1.086018750200347,-0.2131630026975829,0.1987229554691515,106.0
1652955147.784792,-0.0229849219322204,-0.2410197854042053,0.0713433623313903,-0.865595281124115,0.2084723114967346,-0.4552846550941467,0.1106618791818618,-0.0138583090156316,-0.2897438704967499,-1.0865824484115325,-0.2100126964918633,0.1983110412725592,106.0
1652955147.794738,-0.0340691208839416,-0.2170448899269104,0.0755057036876678,-0.8660467863082886,0.2056374847888946,-0.4557151794433594,0.1234016418457031,0.066360630095005,-0.2429377287626266,-1.0864078360254124,-0.2071150647660357,0.1980759746829556,106.0
1652955147.80469,-0.0327551364898681,-0.1900833249092102,0.0447441637516021,-0.86594158411026,0.203394278883934,-0.4569198489189148,0.0843272805213928,0.1613050997257232,-0.1581982970237732,-1.0852689757670624,-0.2048234297363023,0.1981209225105971,106.0
1652955147.814688,-0.025120735168457,-0.156360387802124,0.0289622247219085,-0.8651989698410034,0.202116921544075,-0.458889365196228,0.0234732516109943,0.2746407091617584,-0.0898488163948059,-1.083136516078158,-0.203518979424306,0.1979729796121825,106.0
1652955147.8246632,-0.0245956182479858,-0.1303861141204834,0.0324100852012634,-0.8637710809707642,0.2015071809291839,-0.4618381261825561,-0.0159343406558036,0.403982400894165,-0.0460166819393634,-1.0797938298857266,-0.2028964249420635,0.1977252516068182,106.0
1652955147.834889,-0.028824508190155,-0.1145079135894775,0.0821524560451507,-0.8617545962333679,0.2013406008481979,-0.4656618535518646,-0.0477335453033447,0.4992034435272217,-0.0439814925193786,-1.075380678614595,-0.2027263616204701,0.1971540501688401,106.0
1652955147.844705,-0.0339242815971374,-0.1241248250007629,0.1132182776927948,-0.8593099117279053,0.2009449452161789,-0.4703271687030792,0.0241124778985977,0.5889536142349243,-0.0600257813930511,-1.070004369602174,-0.2023224501023655,0.1967992919154676,106.0
1652955147.854675,-0.02974134683609,-0.109408438205719,0.1304021775722503,-0.8565347790718079,0.2002405524253845,-0.4756593704223633,0.0614950023591518,0.623874843120575,-0.0494232065975666,-1.0638702759080734,-0.2016034339308909,0.1969186470529533,106.0
1652955147.864627,-0.0167110562324523,-0.0923393368721008,0.1296066045761108,-0.8536654710769653,0.1996017694473266,-0.4810554981231689,0.0901133343577385,0.6101337671279907,-0.0253486111760139,-1.057634219105858,-0.2009514994029389,0.1973639130404864,106.0
1652955147.8745232,0.0021755695343017,-0.1131770610809326,0.1080459356307983,-0.8508540987968445,0.1989456713199615,-0.4862798154354095,0.1010141819715499,0.5711144208908081,-0.0083611048758029,-1.0515815666101502,-0.200281976083401,0.1981605767194089,106.0
1652955147.884551,0.0171160101890563,-0.1011777520179748,0.098811537027359,-0.8481706976890564,0.1985823065042495,-0.4910922646522522,0.0943111404776573,0.5220306515693665,0.0318377129733562,-1.0459598758390558,-0.1999111998877921,0.1990424655888941,106.0
1652955147.894594,0.018878698348999,-0.0893075466156005,0.0828074812889099,-0.845569372177124,0.1984578371047973,-0.4956077337265014,0.1367946863174438,0.4937140941619873,0.0736831650137901,-1.040642940066803,-0.1997842039146011,0.2003461701431939,106.0
1652955147.9046268,0.0160527229309082,-0.0786682963371276,0.087858110666275,-0.8430483341217041,0.1985340863466262,-0.4998534619808197,0.1479468792676925,0.4487329125404358,0.1110369265079498,-1.0356048902339563,-0.1998619994531446,0.2020817696952251,106.0
1652955147.914445,0.0167337656021118,-0.0634393692016601,0.098734974861145,-0.8406777381896973,0.1987504065036773,-0.5037451386451721,0.138983741402626,0.4138654768466949,0.1099173352122306,-1.03095560195646,-0.2000827281523483,0.2039016873436629,106.0
1652955147.924485,0.0119898319244384,-0.0463640689849853,0.0996080338954925,-0.8384973406791687,0.1988386362791061,-0.5073316693305969,0.1353097707033157,0.3815832436084747,0.078136995434761,-1.026672842982027,-0.2001727445987552,0.2055844073383962,106.0
1652955147.9343638,0.0018745064735412,-0.0458521842956543,0.1027028262615203,-0.8364233374595642,0.1985667198896408,-0.5108495354652405,0.1785816103219986,0.3952149152755737,0.0468611009418964,-1.0225064556865369,-0.1998953009764933,0.2072284902242195,106.0
1652955147.9442968,-0.0057572126388549,-0.0454747080802917,0.0935930907726287,-0.8342543244361877,0.1978497803211212,-0.5146602392196655,0.2329337894916534,0.4211841821670532,0.0395066291093826,-1.0180353427848263,-0.1991638581507583,0.2092602791622891,106.0
1652955147.954258,-0.0104039311408996,-0.0216785669326782,0.0673523843288421,-0.8319879174232483,0.197051927447319,-0.5186200141906738,0.2312192469835281,0.4253416657447815,0.0597791448235511,-1.013384137364583,-0.1983499702408142,0.2115647413311332,106.0
1652955147.964246,-0.0170061588287353,0.0020285844802856,0.0394265949726104,-0.8295972943305969,0.1967032253742218,-0.5225670337677002,0.147449791431427,0.4385230541229248,0.1001832485198974,-1.008677977558271,-0.1979943138050188,0.21368161265668,106.0
1652955147.974853,-0.013785183429718,0.0201380848884582,-0.0040435642004013,-0.8270655274391174,0.1971587985754013,-0.5263941884040833,0.0521539002656936,0.4475945830345154,0.1325558423995971,-1.003998465957091,-0.1984589909648755,0.2151435272206036,106.0
1652955147.984401,-0.0100042819976806,0.031051754951477,-0.0510680228471756,-0.8243614435195923,0.1982085257768631,-0.530227780342102,0.0253913942724466,0.4700418412685394,0.1679689139127731,-0.99921758173074,-0.1995298380841881,0.2162772200968937,101.0
1652955147.994102,-0.016758918762207,0.0540624856948852,-0.0398925840854644,-0.8214215636253357,0.1997131556272506,-0.5342108011245728,-0.0072709452360868,0.4863936305046081,0.2091517746448516,-0.9941756886778218,-0.2010651702610353,0.2173937522957684,101.0
1652955148.004031,-0.0211475491523742,0.065979778766632,0.0036815255880355,-0.8184214234352112,0.2012897729873657,-0.5382087826728821,0.0501523353159427,0.4891063272953033,0.1912992298603058,-0.9890842727995478,-0.2026744708688457,0.2186429720905022,101.0
1652955148.013983,-0.0197440385818481,0.0597380995750427,0.0259029865264892,-0.8154762387275696,0.2021854072809219,-0.542327880859375,0.1541029661893844,0.4743609428405761,0.1654500663280487,-0.9839176891041052,-0.2035889043162393,0.2205059838043675,101.0
1652955148.024008,-0.0172107219696044,0.0556833744049072,0.0278257727622985,-0.8126384615898132,0.2023836076259613,-0.546497642993927,0.2450992614030838,0.4504674971103668,0.1499811261892318,-0.9787676032059396,-0.2037912936572678,0.2231008611666783,101.0
1652955148.033979,-0.0055803656578063,0.0596135854721069,0.0049002021551132,-0.809971272945404,0.2020089775323867,-0.5505803823471069,0.3028453588485718,0.4200216829776764,0.1351244151592254,-0.973788624257025,-0.2034087630625825,0.2262668740456596,101.0
1652955148.044059,0.0179408192634582,0.0755825042724609,-0.0243450254201889,-0.8075219988822937,0.2014843076467514,-0.5543575286865234,0.2616941928863525,0.371617317199707,0.1206771880388259,-0.9691936453019936,-0.2028730720797436,0.2294224126965368,101.0
1652955148.053832,0.0352308750152587,0.0770761966705322,-0.055847018957138,-0.8054639101028442,0.2010954469442367,-0.557483971118927,0.1682808995246887,0.3002914786338806,0.0824320688843727,-0.9653732619259636,-0.2024760774407517,0.2318529273791749,101.0
1652955148.063874,0.0354905128479003,0.0747292637825012,-0.0772696584463119,-0.8038314580917358,0.2010489404201507,-0.5598519444465637,0.0323618203401565,0.2390397787094116,0.0446430668234825,-0.962437179065398,-0.2024286114309518,0.2330631635899292,101.0
1652955148.073777,0.0273212790489196,0.0709113478660583,-0.0960759967565536,-0.8025286793708801,0.2014531791210174,-0.5615729689598083,-0.0802049413323402,0.2088848054409027,0.0095561854541301,-0.960235212073442,-0.2028412906872155,0.2329879237628011,101.0
1652955148.083712,0.0188581347465515,0.0804592370986938,-0.1108849644660949,-0.801450788974762,0.2019646912813186,-0.5629269480705261,-0.1453583687543869,0.1857743263244629,-0.0308139882981777,-0.9584715534346868,-0.2033635376943967,0.2319607286139766,101.0
1652955148.093669,0.0090567469596862,0.0945222973823547,-0.0889462828636169,-0.800545334815979,0.2025479674339294,-0.5640047788619995,-0.1917045712471008,0.1691383570432663,-0.0695928111672401,-0.9570394280445712,-0.2039591296571333,0.2302146951629179,101.0
1652955148.10391,-0.002390444278717,0.0776758790016174,-0.0615344941616058,-0.7997640371322632,0.2026172578334808,-0.5650874376296997,-0.1079284474253654,0.1757207810878753,-0.1184045597910881,-0.9556760871758008,-0.2040298848479887,0.2284020306268752,101.0
1652955148.113727,0.002932846546173,0.0604088902473449,-0.0286830961704254,-0.7991058826446533,0.2021297812461853,-0.5661920309066772,-0.0608472228050231,0.1408059448003769,-0.1272523701190948,-0.9543671621269916,-0.2035321016350194,0.2269937005891384,101.0
1652955148.123654,0.0095329880714416,0.0554190278053283,-0.0043207854032516,-0.7986869215965271,0.2011744230985641,-0.5671225190162659,-0.0095893591642379,0.1060985624790191,-0.1622058302164077,-0.9533448303434005,-0.2025567133677869,0.2258603270447517,101.0
1652955148.133513,0.0051286816596984,0.04446542263031,0.0156409740447998,-0.7985398173332214,0.1997673660516739,-0.5678266882896423,0.026068503037095,0.0636352524161338,-0.1759895533323288,-0.9526719291482132,-0.2011204900863291,0.2249388184518511,101.0
1652955148.143488,0.0044349431991577,0.042910873889923,0.0331741273403167,-0.7985938191413879,0.1981949061155319,-0.5683015584945679,0.0439588874578475,0.0322406888008117,-0.1606754213571548,-0.9523090214637768,-0.199515952461442,0.2242461510988557,101.0
1652955148.153468,0.0056444406509399,0.0423558354377746,0.0318400710821151,-0.7987809181213379,0.1967518329620361,-0.5685399174690247,0.0445791371166706,0.0086434856057167,-0.143606960773468,-0.952221558542362,-0.1980438897237695,0.2236877609097228,101.0
1652955148.1634068,0.0114527940750122,0.0416536331176757,0.0044384002685546,-0.7990351319313049,0.1954517513513565,-0.5686312317848206,0.0426948182284832,-0.0043527409434318,-0.111811563372612,-0.9522960655385792,-0.1967180580717969,0.2233228015363587,101.0
1652955148.173384,0.0156641006469726,0.0606768727302551,-0.0074737668037414,-0.7991722822189331,0.1945465207099914,-0.5687488317489624,0.0341700389981269,0.0208559427410364,-0.070080354809761,-0.952279434133248,-0.1957951196214949,0.2230412682485368,101.0
1652955148.183462,0.0074723362922668,0.0648635029792785,-0.0056943148374557,-0.799113392829895,0.1937436461448669,-0.5691054463386536,0.0814631208777427,0.0598536767065525,-0.0200606398284435,-0.9519484705390994,-0.1949766676400429,0.223267669415925,101.0
1652955148.193305,-0.0002553462982177,0.0698816180229187,0.0072784721851348,-0.7987405061721802,0.1933135688304901,-0.569774866104126,0.0757237374782562,0.0862240269780159,0.0187030024826526,-0.9511722458596896,-0.1945383072815695,0.2238826596778922,101.0
1652955148.20327,-0.0033726096153259,0.065195620059967,0.0147172361612319,-0.7982324957847595,0.1930311620235443,-0.5705819725990295,0.0773714408278465,0.0911764428019523,0.0137705616652965,-0.9502019125204848,-0.1942504687330605,0.2246337719734565,101.0
1652955148.213248,-0.0026502013206481,0.0644147992134094,0.0151433199644088,-0.7977799773216248,0.1927881836891174,-0.5712965726852417,0.0399649441242218,0.0739276781678199,0.0007548946887254,-0.9493412825269796,-0.1940028540653255,0.2251657204848128,101.0
1652955148.22332,-0.0010271668434143,0.0617258548736572,0.0081983208656311,-0.7974652051925659,0.1926531195640564,-0.5717813968658447,0.0231880955398082,0.0479831136763095,-0.0143400924280285,-0.9487527990969932,-0.1938651955801674,0.2253668459152555,101.0
1652955148.2331471,0.0052623748779296,0.0509458780288696,-0.0002894401550292,-0.7973460555076599,0.1923975944519043,-0.5720336437225342,0.0147477388381958,0.0222495216876268,-0.0449720360338687,-0.9484731864513078,-0.1936048013220385,0.2253259027706114,101.0
1652955148.243094,0.0144623517990112,0.0507239699363708,0.003442496061325,-0.797406017780304,0.1919462829828262,-0.5721015930175781,0.0080399010330438,0.0063281329348683,-0.0547502525150775,-0.948452485936802,-0.1931449282093523,0.2251174000967482,101.0
1652955148.253175,0.0207995772361755,0.0567084550857543,-0.0021921098232269,-0.7975786328315735,0.1914468705654144,-0.5720283389091492,0.0108822928741574,0.0003093886189162,-0.0605301111936569,-0.9486156729092674,-0.1926360698859453,0.2248051728719775,101.0
1652955148.26302,0.0250900387763977,0.063660979270935,-0.0129383504390716,-0.7978408336639404,0.1910084336996078,-0.5718092322349548,-0.0170348919928073,-0.0255485195666551,-0.0494345426559448,-0.9489527254336276,-0.1921893910928795,0.2244686926111495,101.0
1652955148.27297,0.0268862247467041,0.072610855102539,-0.0096870064735412,-0.798294186592102,0.1908241063356399,-0.5712376236915588,-0.0441394820809364,-0.0624756477773189,-0.061127420514822,-0.9496950800153512,-0.1920016124590756,0.22380834361772,101.0
1652955148.282946,0.0190720558166503,0.0635985136032104,0.0021483898162841,-0.7989181280136108,0.1904785633087158,-0.5704802870750427,-0.0026534227654337,-0.0884584560990333,-0.063081569969654,-0.9506923147034,-0.1916496169637427,0.2232166837900087,101.0
1652955148.2929091,0.0175838470458984,0.0493789315223693,0.0254034101963043,-0.7997187972068787,0.1899439096450805,-0.5695358514785767,0.0300416741520166,-0.1299049705266952,-0.0674193277955055,-0.9519490728422104,-0.1911050139115765,0.2228956257524305,101.0
1652955148.3028889,0.0230817198753356,0.0258764028549194,0.0312888026237487,-0.8007763028144836,0.1890634000301361,-0.5683416724205017,0.0689338818192482,-0.1662659049034118,-0.0976970717310905,-0.9535644230151692,-0.1902082609699361,0.2227876155738341,101.0
